0 0.47274178832116787 0.7341849148418491 0.015739051094890513 0.0072992700729927005
0 0.47570711678832117 0.7534975669099757 0.013458029197080291 0.010036496350364963
0 0.5265739051094891 0.7369981751824818 0.011633211678832116 0.013534063260340633
0 0.5301094890510949 0.728558394160584 0.006386861313868613 0.005474452554744526
0 0.5453923357664233 0.7193582725060828 0.006386861313868613 0.005626520681265207
0 0.5484717153284672 0.7028588807785888 0.007071167883211679 0.007907542579075427
0 0.5644388686131386 0.743765206812652 0.0166514598540146 0.011557177615571776
0 0.4957801094890511 0.7659671532846716 0.013001824817518248 0.007907542579075427
0 0.4958941605839416 0.7582116788321168 0.011405109489051095 0.0072992700729927005
0 0.5046760948905109 0.759808394160584 0.008895985401459854 0.005018248175182482
0 0.5116332116788321 0.7601885644768857 0.011405109489051095 0.008211678832116789
0 0.5377509124087592 0.7653588807785888 0.013914233576642336 0.012773722627737226
0 0.5390054744525548 0.7249087591240876 0.01322992700729927 0.007907542579075427
0 0.5266879562043796 0.7942518248175182 0.011861313868613138 0.012469586374695864
0 0.5010264598540146 0.7814020681265207 0.013001824817518248 0.008972019464720194
0 0.47547901459854014 0.7996502433090025 0.015282846715328468 0.009276155717761558
0 0.48802463503649635 0.8037560827250608 0.010264598540145985 0.007147201946472019
0 0.5109489051094891 0.8022354014598541 0.008667883211678832 0.007755474452554745
0 0.5668339416058394 0.7836830900243309 0.010948905109489052 0.007147201946472019
0 0.5638686131386861 0.7934154501216545 0.010948905109489052 0.007451338199513382
0 0.5525775547445255 0.8231447688564477 0.009808394160583942 0.0072992700729927005
0 0.5078695255474452 0.8213959854014599 0.023950729927007298 0.01657542579075426
0 0.5283987226277372 0.8249695863746959 0.015282846715328468 0.009428223844282239
0 0.5076414233576643 0.8346259124087592 0.013914233576642336 0.012621654501216545
0 0.5265739051094891 0.8351581508515815 0.02303832116788321 0.014294403892944039
0 0.5331888686131386 0.7804136253041363 0.008895985401459854 0.006386861313868613
0 0.5483576642335767 0.7728862530413625 0.00958029197080292 0.005930656934306569
0 0.46430200729927007 0.7407998783454988 0.012089416058394161 0.006538929440389294
0 0.47878649635036497 0.788169099756691 0.008667883211678832 0.008211678832116789
0 0.4981751824817518 0.8121958637469586 0.006386861313868613 0.004257907542579075
0 0.5577098540145985 0.8103710462287105 0.009124087591240875 0.005170316301703163
0 0.47274178832116787 0.7341849148418491 0.015739051094890513 0.0072992700729927005
0 0.47570711678832117 0.7534975669099757 0.013458029197080291 0.010036496350364963
0 0.5265739051094891 0.7369981751824818 0.011633211678832116 0.013534063260340633
0 0.5301094890510949 0.728558394160584 0.006386861313868613 0.005474452554744526
0 0.5453923357664233 0.7193582725060828 0.006386861313868613 0.005626520681265207
0 0.5484717153284672 0.7028588807785888 0.007071167883211679 0.007907542579075427
0 0.5644388686131386 0.743765206812652 0.0166514598540146 0.011557177615571776
0 0.4957801094890511 0.7659671532846716 0.013001824817518248 0.007907542579075427
0 0.4958941605839416 0.7582116788321168 0.011405109489051095 0.0072992700729927005
0 0.5046760948905109 0.759808394160584 0.008895985401459854 0.005018248175182482
0 0.5116332116788321 0.7601885644768857 0.011405109489051095 0.008211678832116789
0 0.5377509124087592 0.7653588807785888 0.013914233576642336 0.012773722627737226
0 0.5390054744525548 0.7249087591240876 0.01322992700729927 0.007907542579075427
0 0.5266879562043796 0.7942518248175182 0.011861313868613138 0.012469586374695864
0 0.5010264598540146 0.7814020681265207 0.013001824817518248 0.008972019464720194
0 0.47547901459854014 0.7996502433090025 0.015282846715328468 0.009276155717761558
0 0.48802463503649635 0.8037560827250608 0.010264598540145985 0.007147201946472019
0 0.5109489051094891 0.8022354014598541 0.008667883211678832 0.007755474452554745
0 0.5668339416058394 0.7836830900243309 0.010948905109489052 0.007147201946472019
0 0.5638686131386861 0.7934154501216545 0.010948905109489052 0.007451338199513382
0 0.5525775547445255 0.8231447688564477 0.009808394160583942 0.0072992700729927005
0 0.5078695255474452 0.8213959854014599 0.023950729927007298 0.01657542579075426
0 0.5283987226277372 0.8249695863746959 0.015282846715328468 0.009428223844282239
0 0.5076414233576643 0.8346259124087592 0.013914233576642336 0.012621654501216545
0 0.5265739051094891 0.8351581508515815 0.02303832116788321 0.014294403892944039
0 0.5331888686131386 0.7804136253041363 0.008895985401459854 0.006386861313868613
0 0.5483576642335767 0.7728862530413625 0.00958029197080292 0.005930656934306569
0 0.46430200729927007 0.7407998783454988 0.012089416058394161 0.006538929440389294
0 0.47878649635036497 0.788169099756691 0.008667883211678832 0.008211678832116789
0 0.4981751824817518 0.8121958637469586 0.006386861313868613 0.004257907542579075
0 0.5577098540145985 0.8103710462287105 0.009124087591240875 0.005170316301703163
0 0.47274178832116787 0.7341849148418491 0.015739051094890513 0.0072992700729927005
0 0.47570711678832117 0.7534975669099757 0.013458029197080291 0.010036496350364963
0 0.5265739051094891 0.7369981751824818 0.011633211678832116 0.013534063260340633
0 0.5301094890510949 0.728558394160584 0.006386861313868613 0.005474452554744526
0 0.5453923357664233 0.7193582725060828 0.006386861313868613 0.005626520681265207
0 0.5484717153284672 0.7028588807785888 0.007071167883211679 0.007907542579075427
0 0.5644388686131386 0.743765206812652 0.0166514598540146 0.011557177615571776
0 0.4957801094890511 0.7659671532846716 0.013001824817518248 0.007907542579075427
0 0.4958941605839416 0.7582116788321168 0.011405109489051095 0.0072992700729927005
0 0.5046760948905109 0.759808394160584 0.008895985401459854 0.005018248175182482
0 0.5116332116788321 0.7601885644768857 0.011405109489051095 0.008211678832116789
0 0.5377509124087592 0.7653588807785888 0.013914233576642336 0.012773722627737226
0 0.5390054744525548 0.7249087591240876 0.01322992700729927 0.007907542579075427
0 0.5266879562043796 0.7942518248175182 0.011861313868613138 0.012469586374695864
0 0.5010264598540146 0.7814020681265207 0.013001824817518248 0.008972019464720194
0 0.47547901459854014 0.7996502433090025 0.015282846715328468 0.009276155717761558
0 0.48802463503649635 0.8037560827250608 0.010264598540145985 0.007147201946472019
0 0.5109489051094891 0.8022354014598541 0.008667883211678832 0.007755474452554745
0 0.5668339416058394 0.7836830900243309 0.010948905109489052 0.007147201946472019
0 0.5638686131386861 0.7934154501216545 0.010948905109489052 0.007451338199513382
0 0.5525775547445255 0.8231447688564477 0.009808394160583942 0.0072992700729927005
0 0.5078695255474452 0.8213959854014599 0.023950729927007298 0.01657542579075426
0 0.5283987226277372 0.8249695863746959 0.015282846715328468 0.009428223844282239
0 0.5076414233576643 0.8346259124087592 0.013914233576642336 0.012621654501216545
0 0.5265739051094891 0.8351581508515815 0.02303832116788321 0.014294403892944039
0 0.5331888686131386 0.7804136253041363 0.008895985401459854 0.006386861313868613
0 0.5483576642335767 0.7728862530413625 0.00958029197080292 0.005930656934306569
0 0.46430200729927007 0.7407998783454988 0.012089416058394161 0.006538929440389294
0 0.47878649635036497 0.788169099756691 0.008667883211678832 0.008211678832116789
0 0.4981751824817518 0.8121958637469586 0.006386861313868613 0.004257907542579075
0 0.5577098540145985 0.8103710462287105 0.009124087591240875 0.005170316301703163
0 0.47274178832116787 0.7341849148418491 0.015739051094890513 0.0072992700729927005
0 0.47570711678832117 0.7534975669099757 0.013458029197080291 0.010036496350364963
0 0.5265739051094891 0.7369981751824818 0.011633211678832116 0.013534063260340633
0 0.5301094890510949 0.728558394160584 0.006386861313868613 0.005474452554744526
0 0.5453923357664233 0.7193582725060828 0.006386861313868613 0.005626520681265207
0 0.5484717153284672 0.7028588807785888 0.007071167883211679 0.007907542579075427
0 0.5644388686131386 0.743765206812652 0.0166514598540146 0.011557177615571776
0 0.4957801094890511 0.7659671532846716 0.013001824817518248 0.007907542579075427
0 0.4958941605839416 0.7582116788321168 0.011405109489051095 0.0072992700729927005
0 0.5046760948905109 0.759808394160584 0.008895985401459854 0.005018248175182482
0 0.5116332116788321 0.7601885644768857 0.011405109489051095 0.008211678832116789
0 0.5377509124087592 0.7653588807785888 0.013914233576642336 0.012773722627737226
0 0.5390054744525548 0.7249087591240876 0.01322992700729927 0.007907542579075427
0 0.5266879562043796 0.7942518248175182 0.011861313868613138 0.012469586374695864
0 0.5010264598540146 0.7814020681265207 0.013001824817518248 0.008972019464720194
0 0.47547901459854014 0.7996502433090025 0.015282846715328468 0.009276155717761558
0 0.48802463503649635 0.8037560827250608 0.010264598540145985 0.007147201946472019
0 0.5109489051094891 0.8022354014598541 0.008667883211678832 0.007755474452554745
0 0.5668339416058394 0.7836830900243309 0.010948905109489052 0.007147201946472019
0 0.5638686131386861 0.7934154501216545 0.010948905109489052 0.007451338199513382
0 0.5525775547445255 0.8231447688564477 0.009808394160583942 0.0072992700729927005
0 0.5078695255474452 0.8213959854014599 0.023950729927007298 0.01657542579075426
0 0.5283987226277372 0.8249695863746959 0.015282846715328468 0.009428223844282239
0 0.5076414233576643 0.8346259124087592 0.013914233576642336 0.012621654501216545
0 0.5265739051094891 0.8351581508515815 0.02303832116788321 0.014294403892944039
0 0.5331888686131386 0.7804136253041363 0.008895985401459854 0.006386861313868613
0 0.5483576642335767 0.7728862530413625 0.00958029197080292 0.005930656934306569
0 0.46430200729927007 0.7407998783454988 0.012089416058394161 0.006538929440389294
0 0.47878649635036497 0.788169099756691 0.008667883211678832 0.008211678832116789
0 0.4981751824817518 0.8121958637469586 0.006386861313868613 0.004257907542579075
0 0.5577098540145985 0.8103710462287105 0.009124087591240875 0.005170316301703163
0 0.47274178832116787 0.7341849148418491 0.015739051094890513 0.0072992700729927005
0 0.47570711678832117 0.7534975669099757 0.013458029197080291 0.010036496350364963
0 0.5265739051094891 0.7369981751824818 0.011633211678832116 0.013534063260340633
0 0.5301094890510949 0.728558394160584 0.006386861313868613 0.005474452554744526
0 0.5453923357664233 0.7193582725060828 0.006386861313868613 0.005626520681265207
0 0.5484717153284672 0.7028588807785888 0.007071167883211679 0.007907542579075427
0 0.5644388686131386 0.743765206812652 0.0166514598540146 0.011557177615571776
0 0.4957801094890511 0.7659671532846716 0.013001824817518248 0.007907542579075427
0 0.4958941605839416 0.7582116788321168 0.011405109489051095 0.0072992700729927005
0 0.5046760948905109 0.759808394160584 0.008895985401459854 0.005018248175182482
0 0.5116332116788321 0.7601885644768857 0.011405109489051095 0.008211678832116789
0 0.5377509124087592 0.7653588807785888 0.013914233576642336 0.012773722627737226
0 0.5390054744525548 0.7249087591240876 0.01322992700729927 0.007907542579075427
0 0.5266879562043796 0.7942518248175182 0.011861313868613138 0.012469586374695864
0 0.5010264598540146 0.7814020681265207 0.013001824817518248 0.008972019464720194
0 0.47547901459854014 0.7996502433090025 0.015282846715328468 0.009276155717761558
0 0.48802463503649635 0.8037560827250608 0.010264598540145985 0.007147201946472019
0 0.5109489051094891 0.8022354014598541 0.008667883211678832 0.007755474452554745
0 0.5668339416058394 0.7836830900243309 0.010948905109489052 0.007147201946472019
0 0.5638686131386861 0.7934154501216545 0.010948905109489052 0.007451338199513382
0 0.5525775547445255 0.8231447688564477 0.009808394160583942 0.0072992700729927005
0 0.5078695255474452 0.8213959854014599 0.023950729927007298 0.01657542579075426
0 0.5283987226277372 0.8249695863746959 0.015282846715328468 0.009428223844282239
0 0.5076414233576643 0.8346259124087592 0.013914233576642336 0.012621654501216545
0 0.5265739051094891 0.8351581508515815 0.02303832116788321 0.014294403892944039
0 0.5331888686131386 0.7804136253041363 0.008895985401459854 0.006386861313868613
0 0.5483576642335767 0.7728862530413625 0.00958029197080292 0.005930656934306569
0 0.46430200729927007 0.7407998783454988 0.012089416058394161 0.006538929440389294
0 0.47878649635036497 0.788169099756691 0.008667883211678832 0.008211678832116789
0 0.4981751824817518 0.8121958637469586 0.006386861313868613 0.004257907542579075
0 0.5577098540145985 0.8103710462287105 0.009124087591240875 0.005170316301703163
0 0.47274178832116787 0.7341849148418491 0.015739051094890513 0.0072992700729927005
0 0.47570711678832117 0.7534975669099757 0.013458029197080291 0.010036496350364963
0 0.5265739051094891 0.7369981751824818 0.011633211678832116 0.013534063260340633
0 0.5301094890510949 0.728558394160584 0.006386861313868613 0.005474452554744526
0 0.5453923357664233 0.7193582725060828 0.006386861313868613 0.005626520681265207
0 0.5484717153284672 0.7028588807785888 0.007071167883211679 0.007907542579075427
0 0.5644388686131386 0.743765206812652 0.0166514598540146 0.011557177615571776
0 0.4957801094890511 0.7659671532846716 0.013001824817518248 0.007907542579075427
0 0.4958941605839416 0.7582116788321168 0.011405109489051095 0.0072992700729927005
0 0.5046760948905109 0.759808394160584 0.008895985401459854 0.005018248175182482
0 0.5116332116788321 0.7601885644768857 0.011405109489051095 0.008211678832116789
0 0.5377509124087592 0.7653588807785888 0.013914233576642336 0.012773722627737226
0 0.5390054744525548 0.7249087591240876 0.01322992700729927 0.007907542579075427
0 0.5266879562043796 0.7942518248175182 0.011861313868613138 0.012469586374695864
0 0.5010264598540146 0.7814020681265207 0.013001824817518248 0.008972019464720194
0 0.47547901459854014 0.7996502433090025 0.015282846715328468 0.009276155717761558
0 0.48802463503649635 0.8037560827250608 0.010264598540145985 0.007147201946472019
0 0.5109489051094891 0.8022354014598541 0.008667883211678832 0.007755474452554745
0 0.5668339416058394 0.7836830900243309 0.010948905109489052 0.007147201946472019
0 0.5638686131386861 0.7934154501216545 0.010948905109489052 0.007451338199513382
0 0.5525775547445255 0.8231447688564477 0.009808394160583942 0.0072992700729927005
0 0.5078695255474452 0.8213959854014599 0.023950729927007298 0.01657542579075426
0 0.5283987226277372 0.8249695863746959 0.015282846715328468 0.009428223844282239
0 0.5076414233576643 0.8346259124087592 0.013914233576642336 0.012621654501216545
0 0.5265739051094891 0.8351581508515815 0.02303832116788321 0.014294403892944039
0 0.5331888686131386 0.7804136253041363 0.008895985401459854 0.006386861313868613
0 0.5483576642335767 0.7728862530413625 0.00958029197080292 0.005930656934306569
0 0.46430200729927007 0.7407998783454988 0.012089416058394161 0.006538929440389294
0 0.47878649635036497 0.788169099756691 0.008667883211678832 0.008211678832116789
0 0.4981751824817518 0.8121958637469586 0.006386861313868613 0.004257907542579075
0 0.5577098540145985 0.8103710462287105 0.009124087591240875 0.005170316301703163
0 0.47274178832116787 0.7341849148418491 0.015739051094890513 0.0072992700729927005
0 0.47570711678832117 0.7534975669099757 0.013458029197080291 0.010036496350364963
0 0.5265739051094891 0.7369981751824818 0.011633211678832116 0.013534063260340633
0 0.5301094890510949 0.728558394160584 0.006386861313868613 0.005474452554744526
0 0.5453923357664233 0.7193582725060828 0.006386861313868613 0.005626520681265207
0 0.5484717153284672 0.7028588807785888 0.007071167883211679 0.007907542579075427
0 0.5644388686131386 0.743765206812652 0.0166514598540146 0.011557177615571776
0 0.4957801094890511 0.7659671532846716 0.013001824817518248 0.007907542579075427
0 0.4958941605839416 0.7582116788321168 0.011405109489051095 0.0072992700729927005
0 0.5046760948905109 0.759808394160584 0.008895985401459854 0.005018248175182482
0 0.5116332116788321 0.7601885644768857 0.011405109489051095 0.008211678832116789
0 0.5377509124087592 0.7653588807785888 0.013914233576642336 0.012773722627737226
0 0.5390054744525548 0.7249087591240876 0.01322992700729927 0.007907542579075427
0 0.5266879562043796 0.7942518248175182 0.011861313868613138 0.012469586374695864
0 0.5010264598540146 0.7814020681265207 0.013001824817518248 0.008972019464720194
0 0.47547901459854014 0.7996502433090025 0.015282846715328468 0.009276155717761558
0 0.48802463503649635 0.8037560827250608 0.010264598540145985 0.007147201946472019
0 0.5109489051094891 0.8022354014598541 0.008667883211678832 0.007755474452554745
0 0.5668339416058394 0.7836830900243309 0.010948905109489052 0.007147201946472019
0 0.5638686131386861 0.7934154501216545 0.010948905109489052 0.007451338199513382
0 0.5525775547445255 0.8231447688564477 0.009808394160583942 0.0072992700729927005
0 0.5078695255474452 0.8213959854014599 0.023950729927007298 0.01657542579075426
0 0.5283987226277372 0.8249695863746959 0.015282846715328468 0.009428223844282239
0 0.5076414233576643 0.8346259124087592 0.013914233576642336 0.012621654501216545
0 0.5265739051094891 0.8351581508515815 0.02303832116788321 0.014294403892944039
0 0.5331888686131386 0.7804136253041363 0.008895985401459854 0.006386861313868613
0 0.5483576642335767 0.7728862530413625 0.00958029197080292 0.005930656934306569
0 0.46430200729927007 0.7407998783454988 0.012089416058394161 0.006538929440389294
0 0.47878649635036497 0.788169099756691 0.008667883211678832 0.008211678832116789
0 0.4981751824817518 0.8121958637469586 0.006386861313868613 0.004257907542579075
0 0.5577098540145985 0.8103710462287105 0.009124087591240875 0.005170316301703163
0 0.47274178832116787 0.7341849148418491 0.015739051094890513 0.0072992700729927005
0 0.47570711678832117 0.7534975669099757 0.013458029197080291 0.010036496350364963
0 0.5265739051094891 0.7369981751824818 0.011633211678832116 0.013534063260340633
0 0.5301094890510949 0.728558394160584 0.006386861313868613 0.005474452554744526
0 0.5453923357664233 0.7193582725060828 0.006386861313868613 0.005626520681265207
0 0.5484717153284672 0.7028588807785888 0.007071167883211679 0.007907542579075427
0 0.5644388686131386 0.743765206812652 0.0166514598540146 0.011557177615571776
0 0.4957801094890511 0.7659671532846716 0.013001824817518248 0.007907542579075427
0 0.4958941605839416 0.7582116788321168 0.011405109489051095 0.0072992700729927005
0 0.5046760948905109 0.759808394160584 0.008895985401459854 0.005018248175182482
0 0.5116332116788321 0.7601885644768857 0.011405109489051095 0.008211678832116789
0 0.5377509124087592 0.7653588807785888 0.013914233576642336 0.012773722627737226
0 0.5390054744525548 0.7249087591240876 0.01322992700729927 0.007907542579075427
0 0.5266879562043796 0.7942518248175182 0.011861313868613138 0.012469586374695864
0 0.5010264598540146 0.7814020681265207 0.013001824817518248 0.008972019464720194
0 0.47547901459854014 0.7996502433090025 0.015282846715328468 0.009276155717761558
0 0.48802463503649635 0.8037560827250608 0.010264598540145985 0.007147201946472019
0 0.5109489051094891 0.8022354014598541 0.008667883211678832 0.007755474452554745
0 0.5668339416058394 0.7836830900243309 0.010948905109489052 0.007147201946472019
0 0.5638686131386861 0.7934154501216545 0.010948905109489052 0.007451338199513382
0 0.5525775547445255 0.8231447688564477 0.009808394160583942 0.0072992700729927005
0 0.5078695255474452 0.8213959854014599 0.023950729927007298 0.01657542579075426
0 0.5283987226277372 0.8249695863746959 0.015282846715328468 0.009428223844282239
0 0.5076414233576643 0.8346259124087592 0.013914233576642336 0.012621654501216545
0 0.5265739051094891 0.8351581508515815 0.02303832116788321 0.014294403892944039
0 0.5331888686131386 0.7804136253041363 0.008895985401459854 0.006386861313868613
0 0.5483576642335767 0.7728862530413625 0.00958029197080292 0.005930656934306569
0 0.46430200729927007 0.7407998783454988 0.012089416058394161 0.006538929440389294
0 0.47878649635036497 0.788169099756691 0.008667883211678832 0.008211678832116789
0 0.4981751824817518 0.8121958637469586 0.006386861313868613 0.004257907542579075
0 0.5577098540145985 0.8103710462287105 0.009124087591240875 0.005170316301703163
0 0.47274178832116787 0.7341849148418491 0.015739051094890513 0.0072992700729927005
0 0.47570711678832117 0.7534975669099757 0.013458029197080291 0.010036496350364963
0 0.5265739051094891 0.7369981751824818 0.011633211678832116 0.013534063260340633
0 0.5301094890510949 0.728558394160584 0.006386861313868613 0.005474452554744526
0 0.5453923357664233 0.7193582725060828 0.006386861313868613 0.005626520681265207
0 0.5484717153284672 0.7028588807785888 0.007071167883211679 0.007907542579075427
0 0.5644388686131386 0.743765206812652 0.0166514598540146 0.011557177615571776
0 0.4957801094890511 0.7659671532846716 0.013001824817518248 0.007907542579075427
0 0.4958941605839416 0.7582116788321168 0.011405109489051095 0.0072992700729927005
0 0.5046760948905109 0.759808394160584 0.008895985401459854 0.005018248175182482
0 0.5116332116788321 0.7601885644768857 0.011405109489051095 0.008211678832116789
0 0.5377509124087592 0.7653588807785888 0.013914233576642336 0.012773722627737226
0 0.5390054744525548 0.7249087591240876 0.01322992700729927 0.007907542579075427
0 0.5266879562043796 0.7942518248175182 0.011861313868613138 0.012469586374695864
0 0.5010264598540146 0.7814020681265207 0.013001824817518248 0.008972019464720194
0 0.47547901459854014 0.7996502433090025 0.015282846715328468 0.009276155717761558
0 0.48802463503649635 0.8037560827250608 0.010264598540145985 0.007147201946472019
0 0.5109489051094891 0.8022354014598541 0.008667883211678832 0.007755474452554745
0 0.5668339416058394 0.7836830900243309 0.010948905109489052 0.007147201946472019
0 0.5638686131386861 0.7934154501216545 0.010948905109489052 0.007451338199513382
0 0.5525775547445255 0.8231447688564477 0.009808394160583942 0.0072992700729927005
0 0.5078695255474452 0.8213959854014599 0.023950729927007298 0.01657542579075426
0 0.5283987226277372 0.8249695863746959 0.015282846715328468 0.009428223844282239
0 0.5076414233576643 0.8346259124087592 0.013914233576642336 0.012621654501216545
0 0.5265739051094891 0.8351581508515815 0.02303832116788321 0.014294403892944039
0 0.5331888686131386 0.7804136253041363 0.008895985401459854 0.006386861313868613
0 0.5483576642335767 0.7728862530413625 0.00958029197080292 0.005930656934306569
0 0.46430200729927007 0.7407998783454988 0.012089416058394161 0.006538929440389294
0 0.47878649635036497 0.788169099756691 0.008667883211678832 0.008211678832116789
0 0.4981751824817518 0.8121958637469586 0.006386861313868613 0.004257907542579075
0 0.5577098540145985 0.8103710462287105 0.009124087591240875 0.005170316301703163
0 0.47274178832116787 0.7341849148418491 0.015739051094890513 0.0072992700729927005
0 0.47570711678832117 0.7534975669099757 0.013458029197080291 0.010036496350364963
0 0.5265739051094891 0.7369981751824818 0.011633211678832116 0.013534063260340633
0 0.5301094890510949 0.728558394160584 0.006386861313868613 0.005474452554744526
0 0.5453923357664233 0.7193582725060828 0.006386861313868613 0.005626520681265207
0 0.5484717153284672 0.7028588807785888 0.007071167883211679 0.007907542579075427
0 0.5644388686131386 0.743765206812652 0.0166514598540146 0.011557177615571776
0 0.4957801094890511 0.7659671532846716 0.013001824817518248 0.007907542579075427
0 0.4958941605839416 0.7582116788321168 0.011405109489051095 0.0072992700729927005
0 0.5046760948905109 0.759808394160584 0.008895985401459854 0.005018248175182482
0 0.5116332116788321 0.7601885644768857 0.011405109489051095 0.008211678832116789
0 0.5377509124087592 0.7653588807785888 0.013914233576642336 0.012773722627737226
0 0.5390054744525548 0.7249087591240876 0.01322992700729927 0.007907542579075427
0 0.5266879562043796 0.7942518248175182 0.011861313868613138 0.012469586374695864
0 0.5010264598540146 0.7814020681265207 0.013001824817518248 0.008972019464720194
0 0.47547901459854014 0.7996502433090025 0.015282846715328468 0.009276155717761558
0 0.48802463503649635 0.8037560827250608 0.010264598540145985 0.007147201946472019
0 0.5109489051094891 0.8022354014598541 0.008667883211678832 0.007755474452554745
0 0.5668339416058394 0.7836830900243309 0.010948905109489052 0.007147201946472019
0 0.5638686131386861 0.7934154501216545 0.010948905109489052 0.007451338199513382
0 0.5525775547445255 0.8231447688564477 0.009808394160583942 0.0072992700729927005
0 0.5078695255474452 0.8213959854014599 0.023950729927007298 0.01657542579075426
0 0.5283987226277372 0.8249695863746959 0.015282846715328468 0.009428223844282239
0 0.5076414233576643 0.8346259124087592 0.013914233576642336 0.012621654501216545
0 0.5265739051094891 0.8351581508515815 0.02303832116788321 0.014294403892944039
0 0.5331888686131386 0.7804136253041363 0.008895985401459854 0.006386861313868613
0 0.5483576642335767 0.7728862530413625 0.00958029197080292 0.005930656934306569
0 0.46430200729927007 0.7407998783454988 0.012089416058394161 0.006538929440389294
0 0.47878649635036497 0.788169099756691 0.008667883211678832 0.008211678832116789
0 0.4981751824817518 0.8121958637469586 0.006386861313868613 0.004257907542579075
0 0.5577098540145985 0.8103710462287105 0.009124087591240875 0.005170316301703163
