0 0.5480155109489051 0.7306873479318735 0.019844890510948905 0.015815085158150853
0 0.5282846715328468 0.7375304136253041 0.012317518248175183 0.012469586374695864
0 0.5402600364963503 0.7493917274939172 0.012089416058394161 0.012165450121654502
0 0.5282846715328468 0.7585158150851582 0.015967153284671534 0.0072992700729927005
0 0.5165374087591241 0.7907542579075426 0.014826642335766423 0.009732360097323601
0 0.5385492700729927 0.7680961070559611 0.012317518248175183 0.009428223844282239
0 0.5480155109489051 0.7306873479318735 0.019844890510948905 0.015815085158150853
0 0.5282846715328468 0.7375304136253041 0.012317518248175183 0.012469586374695864
0 0.5402600364963503 0.7493917274939172 0.012089416058394161 0.012165450121654502
0 0.5282846715328468 0.7585158150851582 0.015967153284671534 0.0072992700729927005
0 0.5165374087591241 0.7907542579075426 0.014826642335766423 0.009732360097323601
0 0.5385492700729927 0.7680961070559611 0.012317518248175183 0.009428223844282239
0 0.5480155109489051 0.7306873479318735 0.019844890510948905 0.015815085158150853
0 0.5282846715328468 0.7375304136253041 0.012317518248175183 0.012469586374695864
0 0.5402600364963503 0.7493917274939172 0.012089416058394161 0.012165450121654502
0 0.5282846715328468 0.7585158150851582 0.015967153284671534 0.0072992700729927005
0 0.5165374087591241 0.7907542579075426 0.014826642335766423 0.009732360097323601
0 0.5385492700729927 0.7680961070559611 0.012317518248175183 0.009428223844282239
0 0.5480155109489051 0.7306873479318735 0.019844890510948905 0.015815085158150853
0 0.5282846715328468 0.7375304136253041 0.012317518248175183 0.012469586374695864
0 0.5402600364963503 0.7493917274939172 0.012089416058394161 0.012165450121654502
0 0.5282846715328468 0.7585158150851582 0.015967153284671534 0.0072992700729927005
0 0.5165374087591241 0.7907542579075426 0.014826642335766423 0.009732360097323601
0 0.5385492700729927 0.7680961070559611 0.012317518248175183 0.009428223844282239
0 0.5480155109489051 0.7306873479318735 0.019844890510948905 0.015815085158150853
0 0.5282846715328468 0.7375304136253041 0.012317518248175183 0.012469586374695864
0 0.5402600364963503 0.7493917274939172 0.012089416058394161 0.012165450121654502
0 0.5282846715328468 0.7585158150851582 0.015967153284671534 0.0072992700729927005
0 0.5165374087591241 0.7907542579075426 0.014826642335766423 0.009732360097323601
0 0.5385492700729927 0.7680961070559611 0.012317518248175183 0.009428223844282239
0 0.5480155109489051 0.7306873479318735 0.019844890510948905 0.015815085158150853
0 0.5282846715328468 0.7375304136253041 0.012317518248175183 0.012469586374695864
0 0.5402600364963503 0.7493917274939172 0.012089416058394161 0.012165450121654502
0 0.5282846715328468 0.7585158150851582 0.015967153284671534 0.0072992700729927005
0 0.5165374087591241 0.7907542579075426 0.014826642335766423 0.009732360097323601
0 0.5385492700729927 0.7680961070559611 0.012317518248175183 0.009428223844282239
0 0.5480155109489051 0.7306873479318735 0.019844890510948905 0.015815085158150853
0 0.5282846715328468 0.7375304136253041 0.012317518248175183 0.012469586374695864
0 0.5402600364963503 0.7493917274939172 0.012089416058394161 0.012165450121654502
0 0.5282846715328468 0.7585158150851582 0.015967153284671534 0.0072992700729927005
0 0.5165374087591241 0.7907542579075426 0.014826642335766423 0.009732360097323601
0 0.5385492700729927 0.7680961070559611 0.012317518248175183 0.009428223844282239
0 0.5480155109489051 0.7306873479318735 0.019844890510948905 0.015815085158150853
0 0.5282846715328468 0.7375304136253041 0.012317518248175183 0.012469586374695864
0 0.5402600364963503 0.7493917274939172 0.012089416058394161 0.012165450121654502
0 0.5282846715328468 0.7585158150851582 0.015967153284671534 0.0072992700729927005
0 0.5165374087591241 0.7907542579075426 0.014826642335766423 0.009732360097323601
0 0.5385492700729927 0.7680961070559611 0.012317518248175183 0.009428223844282239
0 0.5480155109489051 0.7306873479318735 0.019844890510948905 0.015815085158150853
0 0.5282846715328468 0.7375304136253041 0.012317518248175183 0.012469586374695864
0 0.5402600364963503 0.7493917274939172 0.012089416058394161 0.012165450121654502
0 0.5282846715328468 0.7585158150851582 0.015967153284671534 0.0072992700729927005
0 0.5165374087591241 0.7907542579075426 0.014826642335766423 0.009732360097323601
0 0.5385492700729927 0.7680961070559611 0.012317518248175183 0.009428223844282239
0 0.5480155109489051 0.7306873479318735 0.019844890510948905 0.015815085158150853
0 0.5282846715328468 0.7375304136253041 0.012317518248175183 0.012469586374695864
0 0.5402600364963503 0.7493917274939172 0.012089416058394161 0.012165450121654502
0 0.5282846715328468 0.7585158150851582 0.015967153284671534 0.0072992700729927005
0 0.5165374087591241 0.7907542579075426 0.014826642335766423 0.009732360097323601
0 0.5385492700729927 0.7680961070559611 0.012317518248175183 0.009428223844282239
