0 0.5160812043795621 0.6003649635036497 0.023950729927007298 0.024939172749391728
0 0.5382071167883211 0.6257603406326034 0.02760036496350365 0.015206812652068127
0 0.5269160583941606 0.628801703163017 0.015054744525547446 0.00851581508515815
0 0.5407162408759124 0.6338959854014599 0.01072080291970803 0.007755474452554745
0 0.5222399635036497 0.681037104622871 0.04356751824817518 0.022354014598540146
0 0.7000456204379562 0.6682633819951338 0.019616788321167884 0.017183698296836983
0 0.6422217153284672 0.6935066909975669 0.02166970802919708 0.01687956204379562
0 0.6932025547445255 0.6916818734793188 0.03102189781021898 0.022049878345498784
0 0.4709169708029197 0.7312956204379562 0.01437043795620438 0.012165450121654502
0 0.47878649635036497 0.7828467153284672 0.011405109489051095 0.009732360097323601
0 0.614279197080292 0.7725821167883211 0.016423357664233577 0.011405109489051095
