0 0.32755474452554745 0.669860097323601 0.03512773722627737 0.02281021897810219
0 0.3770529197080292 0.6497110705596107 0.02144160583941606 0.00958029197080292
0 0.37785127737226276 0.6741940389294404 0.0166514598540146 0.01079683698296837
0 0.34614507299270075 0.7184458637469586 0.01893248175182482 0.00958029197080292
0 0.4150319343065693 0.6571624087591241 0.03581204379562044 0.025699513381995134
0 0.4520985401459854 0.6767031630170316 0.034215328467153285 0.022506082725060828
0 0.48722627737226276 0.6537408759124088 0.04927007299270073 0.023418491484184914
0 0.5924954379562044 0.641955596107056 0.030793795620437957 0.02509124087591241
0 0.3781934306569343 0.7168491484184915 0.016423357664233577 0.010948905109489052
0 0.39883667883211676 0.7115267639902676 0.02030109489051095 0.011557177615571776
0 0.42666514598540145 0.715860705596107 0.01437043795620438 0.008972019464720194
0 0.49977189781021897 0.7125912408759124 0.02281021897810219 0.014902676399026763
0 0.4961222627737226 0.6821776155717761 0.014142335766423358 0.010948905109489052
0 0.5635264598540146 0.7114507299270073 0.022125912408759125 0.01444647201946472
0 0.5544023722627737 0.7230839416058394 0.015739051094890513 0.010948905109489052
0 0.3731751824817518 0.7370742092457421 0.051094890510948905 0.030717761557177616
0 0.3459169708029197 0.7651307785888077 0.012545620437956205 0.011405109489051095
0 0.4440009124087591 0.728786496350365 0.015282846715328468 0.008972019464720194
0 0.4666970802919708 0.7472627737226277 0.029653284671532845 0.019464720194647202
0 0.5905565693430657 0.7397354014598541 0.013686131386861315 0.010188564476885644
0 0.6039005474452555 0.7425486618004866 0.013001824817518248 0.007907542579075427
0 0.32755474452554745 0.669860097323601 0.03512773722627737 0.02281021897810219
0 0.3770529197080292 0.6497110705596107 0.02144160583941606 0.00958029197080292
0 0.37785127737226276 0.6741940389294404 0.0166514598540146 0.01079683698296837
0 0.34614507299270075 0.7184458637469586 0.01893248175182482 0.00958029197080292
0 0.4150319343065693 0.6571624087591241 0.03581204379562044 0.025699513381995134
0 0.4520985401459854 0.6767031630170316 0.034215328467153285 0.022506082725060828
0 0.48722627737226276 0.6537408759124088 0.04927007299270073 0.023418491484184914
0 0.5924954379562044 0.641955596107056 0.030793795620437957 0.02509124087591241
0 0.3781934306569343 0.7168491484184915 0.016423357664233577 0.010948905109489052
0 0.39883667883211676 0.7115267639902676 0.02030109489051095 0.011557177615571776
0 0.42666514598540145 0.715860705596107 0.01437043795620438 0.008972019464720194
0 0.49977189781021897 0.7125912408759124 0.02281021897810219 0.014902676399026763
0 0.4961222627737226 0.6821776155717761 0.014142335766423358 0.010948905109489052
0 0.5635264598540146 0.7114507299270073 0.022125912408759125 0.01444647201946472
0 0.5544023722627737 0.7230839416058394 0.015739051094890513 0.010948905109489052
0 0.3731751824817518 0.7370742092457421 0.051094890510948905 0.030717761557177616
0 0.3459169708029197 0.7651307785888077 0.012545620437956205 0.011405109489051095
0 0.4440009124087591 0.728786496350365 0.015282846715328468 0.008972019464720194
0 0.4666970802919708 0.7472627737226277 0.029653284671532845 0.019464720194647202
0 0.5905565693430657 0.7397354014598541 0.013686131386861315 0.010188564476885644
0 0.6039005474452555 0.7425486618004866 0.013001824817518248 0.007907542579075427
0 0.32755474452554745 0.669860097323601 0.03512773722627737 0.02281021897810219
0 0.3770529197080292 0.6497110705596107 0.02144160583941606 0.00958029197080292
0 0.37785127737226276 0.6741940389294404 0.0166514598540146 0.01079683698296837
0 0.34614507299270075 0.7184458637469586 0.01893248175182482 0.00958029197080292
0 0.4150319343065693 0.6571624087591241 0.03581204379562044 0.025699513381995134
0 0.4520985401459854 0.6767031630170316 0.034215328467153285 0.022506082725060828
0 0.48722627737226276 0.6537408759124088 0.04927007299270073 0.023418491484184914
0 0.5924954379562044 0.641955596107056 0.030793795620437957 0.02509124087591241
0 0.3781934306569343 0.7168491484184915 0.016423357664233577 0.010948905109489052
0 0.39883667883211676 0.7115267639902676 0.02030109489051095 0.011557177615571776
0 0.42666514598540145 0.715860705596107 0.01437043795620438 0.008972019464720194
0 0.49977189781021897 0.7125912408759124 0.02281021897810219 0.014902676399026763
0 0.4961222627737226 0.6821776155717761 0.014142335766423358 0.010948905109489052
0 0.5635264598540146 0.7114507299270073 0.022125912408759125 0.01444647201946472
0 0.5544023722627737 0.7230839416058394 0.015739051094890513 0.010948905109489052
0 0.3731751824817518 0.7370742092457421 0.051094890510948905 0.030717761557177616
0 0.3459169708029197 0.7651307785888077 0.012545620437956205 0.011405109489051095
0 0.4440009124087591 0.728786496350365 0.015282846715328468 0.008972019464720194
0 0.4666970802919708 0.7472627737226277 0.029653284671532845 0.019464720194647202
0 0.5905565693430657 0.7397354014598541 0.013686131386861315 0.010188564476885644
0 0.6039005474452555 0.7425486618004866 0.013001824817518248 0.007907542579075427
0 0.32755474452554745 0.669860097323601 0.03512773722627737 0.02281021897810219
0 0.3770529197080292 0.6497110705596107 0.02144160583941606 0.00958029197080292
0 0.37785127737226276 0.6741940389294404 0.0166514598540146 0.01079683698296837
0 0.34614507299270075 0.7184458637469586 0.01893248175182482 0.00958029197080292
0 0.4150319343065693 0.6571624087591241 0.03581204379562044 0.025699513381995134
0 0.4520985401459854 0.6767031630170316 0.034215328467153285 0.022506082725060828
0 0.48722627737226276 0.6537408759124088 0.04927007299270073 0.023418491484184914
0 0.5924954379562044 0.641955596107056 0.030793795620437957 0.02509124087591241
0 0.3781934306569343 0.7168491484184915 0.016423357664233577 0.010948905109489052
0 0.39883667883211676 0.7115267639902676 0.02030109489051095 0.011557177615571776
0 0.42666514598540145 0.715860705596107 0.01437043795620438 0.008972019464720194
0 0.49977189781021897 0.7125912408759124 0.02281021897810219 0.014902676399026763
0 0.4961222627737226 0.6821776155717761 0.014142335766423358 0.010948905109489052
0 0.5635264598540146 0.7114507299270073 0.022125912408759125 0.01444647201946472
0 0.5544023722627737 0.7230839416058394 0.015739051094890513 0.010948905109489052
0 0.3731751824817518 0.7370742092457421 0.051094890510948905 0.030717761557177616
0 0.3459169708029197 0.7651307785888077 0.012545620437956205 0.011405109489051095
0 0.4440009124087591 0.728786496350365 0.015282846715328468 0.008972019464720194
0 0.4666970802919708 0.7472627737226277 0.029653284671532845 0.019464720194647202
0 0.5905565693430657 0.7397354014598541 0.013686131386861315 0.010188564476885644
0 0.6039005474452555 0.7425486618004866 0.013001824817518248 0.007907542579075427
0 0.32755474452554745 0.669860097323601 0.03512773722627737 0.02281021897810219
0 0.3770529197080292 0.6497110705596107 0.02144160583941606 0.00958029197080292
0 0.37785127737226276 0.6741940389294404 0.0166514598540146 0.01079683698296837
0 0.34614507299270075 0.7184458637469586 0.01893248175182482 0.00958029197080292
0 0.4150319343065693 0.6571624087591241 0.03581204379562044 0.025699513381995134
0 0.4520985401459854 0.6767031630170316 0.034215328467153285 0.022506082725060828
0 0.48722627737226276 0.6537408759124088 0.04927007299270073 0.023418491484184914
0 0.5924954379562044 0.641955596107056 0.030793795620437957 0.02509124087591241
0 0.3781934306569343 0.7168491484184915 0.016423357664233577 0.010948905109489052
0 0.39883667883211676 0.7115267639902676 0.02030109489051095 0.011557177615571776
0 0.42666514598540145 0.715860705596107 0.01437043795620438 0.008972019464720194
0 0.49977189781021897 0.7125912408759124 0.02281021897810219 0.014902676399026763
0 0.4961222627737226 0.6821776155717761 0.014142335766423358 0.010948905109489052
0 0.5635264598540146 0.7114507299270073 0.022125912408759125 0.01444647201946472
0 0.5544023722627737 0.7230839416058394 0.015739051094890513 0.010948905109489052
0 0.3731751824817518 0.7370742092457421 0.051094890510948905 0.030717761557177616
0 0.3459169708029197 0.7651307785888077 0.012545620437956205 0.011405109489051095
0 0.4440009124087591 0.728786496350365 0.015282846715328468 0.008972019464720194
0 0.4666970802919708 0.7472627737226277 0.029653284671532845 0.019464720194647202
0 0.5905565693430657 0.7397354014598541 0.013686131386861315 0.010188564476885644
0 0.6039005474452555 0.7425486618004866 0.013001824817518248 0.007907542579075427
0 0.32755474452554745 0.669860097323601 0.03512773722627737 0.02281021897810219
0 0.3770529197080292 0.6497110705596107 0.02144160583941606 0.00958029197080292
0 0.37785127737226276 0.6741940389294404 0.0166514598540146 0.01079683698296837
0 0.34614507299270075 0.7184458637469586 0.01893248175182482 0.00958029197080292
0 0.4150319343065693 0.6571624087591241 0.03581204379562044 0.025699513381995134
0 0.4520985401459854 0.6767031630170316 0.034215328467153285 0.022506082725060828
0 0.48722627737226276 0.6537408759124088 0.04927007299270073 0.023418491484184914
0 0.5924954379562044 0.641955596107056 0.030793795620437957 0.02509124087591241
0 0.3781934306569343 0.7168491484184915 0.016423357664233577 0.010948905109489052
0 0.39883667883211676 0.7115267639902676 0.02030109489051095 0.011557177615571776
0 0.42666514598540145 0.715860705596107 0.01437043795620438 0.008972019464720194
0 0.49977189781021897 0.7125912408759124 0.02281021897810219 0.014902676399026763
0 0.4961222627737226 0.6821776155717761 0.014142335766423358 0.010948905109489052
0 0.5635264598540146 0.7114507299270073 0.022125912408759125 0.01444647201946472
0 0.5544023722627737 0.7230839416058394 0.015739051094890513 0.010948905109489052
0 0.3731751824817518 0.7370742092457421 0.051094890510948905 0.030717761557177616
0 0.3459169708029197 0.7651307785888077 0.012545620437956205 0.011405109489051095
0 0.4440009124087591 0.728786496350365 0.015282846715328468 0.008972019464720194
0 0.4666970802919708 0.7472627737226277 0.029653284671532845 0.019464720194647202
0 0.5905565693430657 0.7397354014598541 0.013686131386861315 0.010188564476885644
0 0.6039005474452555 0.7425486618004866 0.013001824817518248 0.007907542579075427
0 0.32755474452554745 0.669860097323601 0.03512773722627737 0.02281021897810219
0 0.3770529197080292 0.6497110705596107 0.02144160583941606 0.00958029197080292
0 0.37785127737226276 0.6741940389294404 0.0166514598540146 0.01079683698296837
0 0.34614507299270075 0.7184458637469586 0.01893248175182482 0.00958029197080292
0 0.4150319343065693 0.6571624087591241 0.03581204379562044 0.025699513381995134
0 0.4520985401459854 0.6767031630170316 0.034215328467153285 0.022506082725060828
0 0.48722627737226276 0.6537408759124088 0.04927007299270073 0.023418491484184914
0 0.5924954379562044 0.641955596107056 0.030793795620437957 0.02509124087591241
0 0.3781934306569343 0.7168491484184915 0.016423357664233577 0.010948905109489052
0 0.39883667883211676 0.7115267639902676 0.02030109489051095 0.011557177615571776
0 0.42666514598540145 0.715860705596107 0.01437043795620438 0.008972019464720194
0 0.49977189781021897 0.7125912408759124 0.02281021897810219 0.014902676399026763
0 0.4961222627737226 0.6821776155717761 0.014142335766423358 0.010948905109489052
0 0.5635264598540146 0.7114507299270073 0.022125912408759125 0.01444647201946472
0 0.5544023722627737 0.7230839416058394 0.015739051094890513 0.010948905109489052
0 0.3731751824817518 0.7370742092457421 0.051094890510948905 0.030717761557177616
0 0.3459169708029197 0.7651307785888077 0.012545620437956205 0.011405109489051095
0 0.4440009124087591 0.728786496350365 0.015282846715328468 0.008972019464720194
0 0.4666970802919708 0.7472627737226277 0.029653284671532845 0.019464720194647202
0 0.5905565693430657 0.7397354014598541 0.013686131386861315 0.010188564476885644
0 0.6039005474452555 0.7425486618004866 0.013001824817518248 0.007907542579075427
0 0.32755474452554745 0.669860097323601 0.03512773722627737 0.02281021897810219
0 0.3770529197080292 0.6497110705596107 0.02144160583941606 0.00958029197080292
0 0.37785127737226276 0.6741940389294404 0.0166514598540146 0.01079683698296837
0 0.34614507299270075 0.7184458637469586 0.01893248175182482 0.00958029197080292
0 0.4150319343065693 0.6571624087591241 0.03581204379562044 0.025699513381995134
0 0.4520985401459854 0.6767031630170316 0.034215328467153285 0.022506082725060828
0 0.48722627737226276 0.6537408759124088 0.04927007299270073 0.023418491484184914
0 0.5924954379562044 0.641955596107056 0.030793795620437957 0.02509124087591241
0 0.3781934306569343 0.7168491484184915 0.016423357664233577 0.010948905109489052
0 0.39883667883211676 0.7115267639902676 0.02030109489051095 0.011557177615571776
0 0.42666514598540145 0.715860705596107 0.01437043795620438 0.008972019464720194
0 0.49977189781021897 0.7125912408759124 0.02281021897810219 0.014902676399026763
0 0.4961222627737226 0.6821776155717761 0.014142335766423358 0.010948905109489052
0 0.5635264598540146 0.7114507299270073 0.022125912408759125 0.01444647201946472
0 0.5544023722627737 0.7230839416058394 0.015739051094890513 0.010948905109489052
0 0.3731751824817518 0.7370742092457421 0.051094890510948905 0.030717761557177616
0 0.3459169708029197 0.7651307785888077 0.012545620437956205 0.011405109489051095
0 0.4440009124087591 0.728786496350365 0.015282846715328468 0.008972019464720194
0 0.4666970802919708 0.7472627737226277 0.029653284671532845 0.019464720194647202
0 0.5905565693430657 0.7397354014598541 0.013686131386861315 0.010188564476885644
0 0.6039005474452555 0.7425486618004866 0.013001824817518248 0.007907542579075427
0 0.32755474452554745 0.669860097323601 0.03512773722627737 0.02281021897810219
0 0.3770529197080292 0.6497110705596107 0.02144160583941606 0.00958029197080292
0 0.37785127737226276 0.6741940389294404 0.0166514598540146 0.01079683698296837
0 0.34614507299270075 0.7184458637469586 0.01893248175182482 0.00958029197080292
0 0.4150319343065693 0.6571624087591241 0.03581204379562044 0.025699513381995134
0 0.4520985401459854 0.6767031630170316 0.034215328467153285 0.022506082725060828
0 0.48722627737226276 0.6537408759124088 0.04927007299270073 0.023418491484184914
0 0.5924954379562044 0.641955596107056 0.030793795620437957 0.02509124087591241
0 0.3781934306569343 0.7168491484184915 0.016423357664233577 0.010948905109489052
0 0.39883667883211676 0.7115267639902676 0.02030109489051095 0.011557177615571776
0 0.42666514598540145 0.715860705596107 0.01437043795620438 0.008972019464720194
0 0.49977189781021897 0.7125912408759124 0.02281021897810219 0.014902676399026763
0 0.4961222627737226 0.6821776155717761 0.014142335766423358 0.010948905109489052
0 0.5635264598540146 0.7114507299270073 0.022125912408759125 0.01444647201946472
0 0.5544023722627737 0.7230839416058394 0.015739051094890513 0.010948905109489052
0 0.3731751824817518 0.7370742092457421 0.051094890510948905 0.030717761557177616
0 0.3459169708029197 0.7651307785888077 0.012545620437956205 0.011405109489051095
0 0.4440009124087591 0.728786496350365 0.015282846715328468 0.008972019464720194
0 0.4666970802919708 0.7472627737226277 0.029653284671532845 0.019464720194647202
0 0.5905565693430657 0.7397354014598541 0.013686131386861315 0.010188564476885644
0 0.6039005474452555 0.7425486618004866 0.013001824817518248 0.007907542579075427
0 0.32755474452554745 0.669860097323601 0.03512773722627737 0.02281021897810219
0 0.3770529197080292 0.6497110705596107 0.02144160583941606 0.00958029197080292
0 0.37785127737226276 0.6741940389294404 0.0166514598540146 0.01079683698296837
0 0.34614507299270075 0.7184458637469586 0.01893248175182482 0.00958029197080292
0 0.4150319343065693 0.6571624087591241 0.03581204379562044 0.025699513381995134
0 0.4520985401459854 0.6767031630170316 0.034215328467153285 0.022506082725060828
0 0.48722627737226276 0.6537408759124088 0.04927007299270073 0.023418491484184914
0 0.5924954379562044 0.641955596107056 0.030793795620437957 0.02509124087591241
0 0.3781934306569343 0.7168491484184915 0.016423357664233577 0.010948905109489052
0 0.39883667883211676 0.7115267639902676 0.02030109489051095 0.011557177615571776
0 0.42666514598540145 0.715860705596107 0.01437043795620438 0.008972019464720194
0 0.49977189781021897 0.7125912408759124 0.02281021897810219 0.014902676399026763
0 0.4961222627737226 0.6821776155717761 0.014142335766423358 0.010948905109489052
0 0.5635264598540146 0.7114507299270073 0.022125912408759125 0.01444647201946472
0 0.5544023722627737 0.7230839416058394 0.015739051094890513 0.010948905109489052
0 0.3731751824817518 0.7370742092457421 0.051094890510948905 0.030717761557177616
0 0.3459169708029197 0.7651307785888077 0.012545620437956205 0.011405109489051095
0 0.4440009124087591 0.728786496350365 0.015282846715328468 0.008972019464720194
0 0.4666970802919708 0.7472627737226277 0.029653284671532845 0.019464720194647202
0 0.5905565693430657 0.7397354014598541 0.013686131386861315 0.010188564476885644
0 0.6039005474452555 0.7425486618004866 0.013001824817518248 0.007907542579075427
