0 0.5199589416058394 0.7570711678832117 0.023494525547445255 0.013838199513381996
0 0.521213503649635 0.7775243309002433 0.011861313868613138 0.010644768856447688
0 0.5360401459854015 0.787712895377129 0.010948905109489052 0.007907542579075427
0 0.5249771897810219 0.8000304136253041 0.009352189781021899 0.00851581508515815
0 0.5286268248175182 0.808926399026764 0.012089416058394161 0.008667883211678832
0 0.5197308394160584 0.7462743309002433 0.013001824817518248 0.010188564476885644
0 0.5199589416058394 0.7570711678832117 0.023494525547445255 0.013838199513381996
0 0.521213503649635 0.7775243309002433 0.011861313868613138 0.010644768856447688
0 0.5360401459854015 0.787712895377129 0.010948905109489052 0.007907542579075427
0 0.5249771897810219 0.8000304136253041 0.009352189781021899 0.00851581508515815
0 0.5286268248175182 0.808926399026764 0.012089416058394161 0.008667883211678832
0 0.5197308394160584 0.7462743309002433 0.013001824817518248 0.010188564476885644
0 0.5199589416058394 0.7570711678832117 0.023494525547445255 0.013838199513381996
0 0.521213503649635 0.7775243309002433 0.011861313868613138 0.010644768856447688
0 0.5360401459854015 0.787712895377129 0.010948905109489052 0.007907542579075427
0 0.5249771897810219 0.8000304136253041 0.009352189781021899 0.00851581508515815
0 0.5286268248175182 0.808926399026764 0.012089416058394161 0.008667883211678832
0 0.5197308394160584 0.7462743309002433 0.013001824817518248 0.010188564476885644
0 0.5199589416058394 0.7570711678832117 0.023494525547445255 0.013838199513381996
0 0.521213503649635 0.7775243309002433 0.011861313868613138 0.010644768856447688
0 0.5360401459854015 0.787712895377129 0.010948905109489052 0.007907542579075427
0 0.5249771897810219 0.8000304136253041 0.009352189781021899 0.00851581508515815
0 0.5286268248175182 0.808926399026764 0.012089416058394161 0.008667883211678832
0 0.5197308394160584 0.7462743309002433 0.013001824817518248 0.010188564476885644
0 0.5199589416058394 0.7570711678832117 0.023494525547445255 0.013838199513381996
0 0.521213503649635 0.7775243309002433 0.011861313868613138 0.010644768856447688
0 0.5360401459854015 0.787712895377129 0.010948905109489052 0.007907542579075427
0 0.5249771897810219 0.8000304136253041 0.009352189781021899 0.00851581508515815
0 0.5286268248175182 0.808926399026764 0.012089416058394161 0.008667883211678832
0 0.5197308394160584 0.7462743309002433 0.013001824817518248 0.010188564476885644
0 0.5199589416058394 0.7570711678832117 0.023494525547445255 0.013838199513381996
0 0.521213503649635 0.7775243309002433 0.011861313868613138 0.010644768856447688
0 0.5360401459854015 0.787712895377129 0.010948905109489052 0.007907542579075427
0 0.5249771897810219 0.8000304136253041 0.009352189781021899 0.00851581508515815
0 0.5286268248175182 0.808926399026764 0.012089416058394161 0.008667883211678832
0 0.5197308394160584 0.7462743309002433 0.013001824817518248 0.010188564476885644
0 0.5199589416058394 0.7570711678832117 0.023494525547445255 0.013838199513381996
0 0.521213503649635 0.7775243309002433 0.011861313868613138 0.010644768856447688
0 0.5360401459854015 0.787712895377129 0.010948905109489052 0.007907542579075427
0 0.5249771897810219 0.8000304136253041 0.009352189781021899 0.00851581508515815
0 0.5286268248175182 0.808926399026764 0.012089416058394161 0.008667883211678832
0 0.5197308394160584 0.7462743309002433 0.013001824817518248 0.010188564476885644
0 0.5199589416058394 0.7570711678832117 0.023494525547445255 0.013838199513381996
0 0.521213503649635 0.7775243309002433 0.011861313868613138 0.010644768856447688
0 0.5360401459854015 0.787712895377129 0.010948905109489052 0.007907542579075427
0 0.5249771897810219 0.8000304136253041 0.009352189781021899 0.00851581508515815
0 0.5286268248175182 0.808926399026764 0.012089416058394161 0.008667883211678832
0 0.5197308394160584 0.7462743309002433 0.013001824817518248 0.010188564476885644
0 0.5199589416058394 0.7570711678832117 0.023494525547445255 0.013838199513381996
0 0.521213503649635 0.7775243309002433 0.011861313868613138 0.010644768856447688
0 0.5360401459854015 0.787712895377129 0.010948905109489052 0.007907542579075427
0 0.5249771897810219 0.8000304136253041 0.009352189781021899 0.00851581508515815
0 0.5286268248175182 0.808926399026764 0.012089416058394161 0.008667883211678832
0 0.5197308394160584 0.7462743309002433 0.013001824817518248 0.010188564476885644
0 0.5199589416058394 0.7570711678832117 0.023494525547445255 0.013838199513381996
0 0.521213503649635 0.7775243309002433 0.011861313868613138 0.010644768856447688
0 0.5360401459854015 0.787712895377129 0.010948905109489052 0.007907542579075427
0 0.5249771897810219 0.8000304136253041 0.009352189781021899 0.00851581508515815
0 0.5286268248175182 0.808926399026764 0.012089416058394161 0.008667883211678832
0 0.5197308394160584 0.7462743309002433 0.013001824817518248 0.010188564476885644
