0 0.5744753649635036 0.6272810218978102 0.036724452554744526 0.022506082725060828
0 0.6098312043795621 0.669860097323601 0.028056569343065694 0.02524330900243309
0 0.6640054744525548 0.6827858880778589 0.038777372262773724 0.026155717761557177
0 0.48197992700729925 0.6322992700729927 0.030109489051094892 0.017335766423357664
0 0.4219890510948905 0.6422597323600974 0.028284671532846715 0.021137469586374694
0 0.3830976277372263 0.6575425790754258 0.029425182481751824 0.02524330900243309
0 0.3791058394160584 0.679668491484185 0.04242700729927007 0.019920924574209246
0 0.4268932481751825 0.6788321167883211 0.013914233576642336 0.010644768856447688
0 0.4637317518248175 0.6652220194647201 0.016423357664233577 0.011405109489051095
0 0.4550638686131387 0.6746502433090025 0.011861313868613138 0.007147201946472019
0 0.5463047445255474 0.6830900243309003 0.015967153284671534 0.009124087591240875
0 0.572992700729927 0.6814933090024331 0.015967153284671534 0.012317518248175183
0 0.6208941605839416 0.6947232360097324 0.020985401459854013 0.014142335766423358
0 0.41218065693430656 0.7526611922141119 0.04562043795620438 0.027828467153284672
