0 0.42734945255474455 0.7014902676399026 0.03900547445255474 0.031630170316301706
0 0.47274178832116787 0.7395833333333334 0.029425182481751824 0.02052919708029197
0 0.4653284671532847 0.7649026763990268 0.04288321167883212 0.020072992700729927
0 0.624771897810219 0.693734793187348 0.03832116788321168 0.023722627737226276
0 0.635720802919708 0.7116788321167883 0.026916058394160582 0.023722627737226276
0 0.4791286496350365 0.7067366180048662 0.01802007299270073 0.017487834549878345
0 0.4969206204379562 0.7036192214111923 0.030793795620437957 0.020072992700729927
0 0.5180200729927007 0.7078771289537713 0.01824817518248175 0.019768856447688565
0 0.5425410583941606 0.7091697080291971 0.02030109489051095 0.019616788321167884
0 0.5854242700729927 0.7168491484184915 0.014826642335766423 0.014294403892944039
0 0.5485857664233577 0.7304592457420924 0.020072992700729927 0.010188564476885644
0 0.6296760948905109 0.7335766423357665 0.014826642335766423 0.013990267639902677
0 0.5757299270072993 0.7442974452554745 0.014142335766423358 0.015663017031630172
