0 0.42050638686131386 0.6646897810218978 0.07230839416058395 0.04257907542579075
0 0.47582116788321166 0.6623327250608273 0.057025547445255474 0.03391119221411192
0 0.5288549270072993 0.6719130170316302 0.0572536496350365 0.03391119221411192
0 0.4825501824817518 0.6876520681265207 0.05542883211678832 0.034367396593673966
0 0.42050638686131386 0.6646897810218978 0.07230839416058395 0.04257907542579075
0 0.47582116788321166 0.6623327250608273 0.057025547445255474 0.03391119221411192
0 0.5288549270072993 0.6719130170316302 0.0572536496350365 0.03391119221411192
0 0.4825501824817518 0.6876520681265207 0.05542883211678832 0.034367396593673966
0 0.42050638686131386 0.6646897810218978 0.07230839416058395 0.04257907542579075
0 0.47582116788321166 0.6623327250608273 0.057025547445255474 0.03391119221411192
0 0.5288549270072993 0.6719130170316302 0.0572536496350365 0.03391119221411192
0 0.4825501824817518 0.6876520681265207 0.05542883211678832 0.034367396593673966
0 0.42050638686131386 0.6646897810218978 0.07230839416058395 0.04257907542579075
0 0.47582116788321166 0.6623327250608273 0.057025547445255474 0.03391119221411192
0 0.5288549270072993 0.6719130170316302 0.0572536496350365 0.03391119221411192
0 0.4825501824817518 0.6876520681265207 0.05542883211678832 0.034367396593673966
0 0.42050638686131386 0.6646897810218978 0.07230839416058395 0.04257907542579075
0 0.47582116788321166 0.6623327250608273 0.057025547445255474 0.03391119221411192
0 0.5288549270072993 0.6719130170316302 0.0572536496350365 0.03391119221411192
0 0.4825501824817518 0.6876520681265207 0.05542883211678832 0.034367396593673966
0 0.42050638686131386 0.6646897810218978 0.07230839416058395 0.04257907542579075
0 0.47582116788321166 0.6623327250608273 0.057025547445255474 0.03391119221411192
0 0.5288549270072993 0.6719130170316302 0.0572536496350365 0.03391119221411192
0 0.4825501824817518 0.6876520681265207 0.05542883211678832 0.034367396593673966
0 0.42050638686131386 0.6646897810218978 0.07230839416058395 0.04257907542579075
0 0.47582116788321166 0.6623327250608273 0.057025547445255474 0.03391119221411192
0 0.5288549270072993 0.6719130170316302 0.0572536496350365 0.03391119221411192
0 0.4825501824817518 0.6876520681265207 0.05542883211678832 0.034367396593673966
0 0.42050638686131386 0.6646897810218978 0.07230839416058395 0.04257907542579075
0 0.47582116788321166 0.6623327250608273 0.057025547445255474 0.03391119221411192
0 0.5288549270072993 0.6719130170316302 0.0572536496350365 0.03391119221411192
0 0.4825501824817518 0.6876520681265207 0.05542883211678832 0.034367396593673966
0 0.42050638686131386 0.6646897810218978 0.07230839416058395 0.04257907542579075
0 0.47582116788321166 0.6623327250608273 0.057025547445255474 0.03391119221411192
0 0.5288549270072993 0.6719130170316302 0.0572536496350365 0.03391119221411192
0 0.4825501824817518 0.6876520681265207 0.05542883211678832 0.034367396593673966
0 0.42050638686131386 0.6646897810218978 0.07230839416058395 0.04257907542579075
0 0.47582116788321166 0.6623327250608273 0.057025547445255474 0.03391119221411192
0 0.5288549270072993 0.6719130170316302 0.0572536496350365 0.03391119221411192
0 0.4825501824817518 0.6876520681265207 0.05542883211678832 0.034367396593673966
