0 0.5747034671532847 0.48456508515815083 0.05451642335766423 0.03968978102189781
0 0.6012773722627737 0.49536192214111924 0.04333941605839416 0.02995742092457421
0 0.624771897810219 0.5115571776155717 0.055656934306569344 0.031326034063260344
0 0.5204151459854015 0.5615115571776156 0.04493613138686131 0.038777372262773724
0 0.5223540145985401 0.5236465936739659 0.02737226277372263 0.01657542579075426
0 0.6129105839416058 0.5300334549878345 0.019616788321167884 0.013534063260340633
0 0.5630702554744526 0.5374087591240876 0.015282846715328468 0.010948905109489052
0 0.46589872262773724 0.6262925790754258 0.023494525547445255 0.016271289537712896
0 0.5747034671532847 0.48456508515815083 0.05451642335766423 0.03968978102189781
0 0.6012773722627737 0.49536192214111924 0.04333941605839416 0.02995742092457421
0 0.624771897810219 0.5115571776155717 0.055656934306569344 0.031326034063260344
0 0.5204151459854015 0.5615115571776156 0.04493613138686131 0.038777372262773724
0 0.5223540145985401 0.5236465936739659 0.02737226277372263 0.01657542579075426
0 0.6129105839416058 0.5300334549878345 0.019616788321167884 0.013534063260340633
0 0.5630702554744526 0.5374087591240876 0.015282846715328468 0.010948905109489052
0 0.46589872262773724 0.6262925790754258 0.023494525547445255 0.016271289537712896
0 0.5747034671532847 0.48456508515815083 0.05451642335766423 0.03968978102189781
0 0.6012773722627737 0.49536192214111924 0.04333941605839416 0.02995742092457421
0 0.624771897810219 0.5115571776155717 0.055656934306569344 0.031326034063260344
0 0.5204151459854015 0.5615115571776156 0.04493613138686131 0.038777372262773724
0 0.5223540145985401 0.5236465936739659 0.02737226277372263 0.01657542579075426
0 0.6129105839416058 0.5300334549878345 0.019616788321167884 0.013534063260340633
0 0.5630702554744526 0.5374087591240876 0.015282846715328468 0.010948905109489052
0 0.46589872262773724 0.6262925790754258 0.023494525547445255 0.016271289537712896
0 0.5747034671532847 0.48456508515815083 0.05451642335766423 0.03968978102189781
0 0.6012773722627737 0.49536192214111924 0.04333941605839416 0.02995742092457421
0 0.624771897810219 0.5115571776155717 0.055656934306569344 0.031326034063260344
0 0.5204151459854015 0.5615115571776156 0.04493613138686131 0.038777372262773724
0 0.5223540145985401 0.5236465936739659 0.02737226277372263 0.01657542579075426
0 0.6129105839416058 0.5300334549878345 0.019616788321167884 0.013534063260340633
0 0.5630702554744526 0.5374087591240876 0.015282846715328468 0.010948905109489052
0 0.46589872262773724 0.6262925790754258 0.023494525547445255 0.016271289537712896
0 0.5747034671532847 0.48456508515815083 0.05451642335766423 0.03968978102189781
0 0.6012773722627737 0.49536192214111924 0.04333941605839416 0.02995742092457421
0 0.624771897810219 0.5115571776155717 0.055656934306569344 0.031326034063260344
0 0.5204151459854015 0.5615115571776156 0.04493613138686131 0.038777372262773724
0 0.5223540145985401 0.5236465936739659 0.02737226277372263 0.01657542579075426
0 0.6129105839416058 0.5300334549878345 0.019616788321167884 0.013534063260340633
0 0.5630702554744526 0.5374087591240876 0.015282846715328468 0.010948905109489052
0 0.46589872262773724 0.6262925790754258 0.023494525547445255 0.016271289537712896
0 0.5747034671532847 0.48456508515815083 0.05451642335766423 0.03968978102189781
0 0.6012773722627737 0.49536192214111924 0.04333941605839416 0.02995742092457421
0 0.624771897810219 0.5115571776155717 0.055656934306569344 0.031326034063260344
0 0.5204151459854015 0.5615115571776156 0.04493613138686131 0.038777372262773724
0 0.5223540145985401 0.5236465936739659 0.02737226277372263 0.01657542579075426
0 0.6129105839416058 0.5300334549878345 0.019616788321167884 0.013534063260340633
0 0.5630702554744526 0.5374087591240876 0.015282846715328468 0.010948905109489052
0 0.46589872262773724 0.6262925790754258 0.023494525547445255 0.016271289537712896
0 0.5747034671532847 0.48456508515815083 0.05451642335766423 0.03968978102189781
0 0.6012773722627737 0.49536192214111924 0.04333941605839416 0.02995742092457421
0 0.624771897810219 0.5115571776155717 0.055656934306569344 0.031326034063260344
0 0.5204151459854015 0.5615115571776156 0.04493613138686131 0.038777372262773724
0 0.5223540145985401 0.5236465936739659 0.02737226277372263 0.01657542579075426
0 0.6129105839416058 0.5300334549878345 0.019616788321167884 0.013534063260340633
0 0.5630702554744526 0.5374087591240876 0.015282846715328468 0.010948905109489052
0 0.46589872262773724 0.6262925790754258 0.023494525547445255 0.016271289537712896
0 0.5747034671532847 0.48456508515815083 0.05451642335766423 0.03968978102189781
0 0.6012773722627737 0.49536192214111924 0.04333941605839416 0.02995742092457421
0 0.624771897810219 0.5115571776155717 0.055656934306569344 0.031326034063260344
0 0.5204151459854015 0.5615115571776156 0.04493613138686131 0.038777372262773724
0 0.5223540145985401 0.5236465936739659 0.02737226277372263 0.01657542579075426
0 0.6129105839416058 0.5300334549878345 0.019616788321167884 0.013534063260340633
0 0.5630702554744526 0.5374087591240876 0.015282846715328468 0.010948905109489052
0 0.46589872262773724 0.6262925790754258 0.023494525547445255 0.016271289537712896
0 0.5747034671532847 0.48456508515815083 0.05451642335766423 0.03968978102189781
0 0.6012773722627737 0.49536192214111924 0.04333941605839416 0.02995742092457421
0 0.624771897810219 0.5115571776155717 0.055656934306569344 0.031326034063260344
0 0.5204151459854015 0.5615115571776156 0.04493613138686131 0.038777372262773724
0 0.5223540145985401 0.5236465936739659 0.02737226277372263 0.01657542579075426
0 0.6129105839416058 0.5300334549878345 0.019616788321167884 0.013534063260340633
0 0.5630702554744526 0.5374087591240876 0.015282846715328468 0.010948905109489052
0 0.46589872262773724 0.6262925790754258 0.023494525547445255 0.016271289537712896
0 0.5747034671532847 0.48456508515815083 0.05451642335766423 0.03968978102189781
0 0.6012773722627737 0.49536192214111924 0.04333941605839416 0.02995742092457421
0 0.624771897810219 0.5115571776155717 0.055656934306569344 0.031326034063260344
0 0.5204151459854015 0.5615115571776156 0.04493613138686131 0.038777372262773724
0 0.5223540145985401 0.5236465936739659 0.02737226277372263 0.01657542579075426
0 0.6129105839416058 0.5300334549878345 0.019616788321167884 0.013534063260340633
0 0.5630702554744526 0.5374087591240876 0.015282846715328468 0.010948905109489052
0 0.46589872262773724 0.6262925790754258 0.023494525547445255 0.016271289537712896
