0 0.5112910583941606 0.6482664233576643 0.04083029197080292 0.03375912408759124
0 0.5715100364963503 0.6492548661800487 0.030337591240875914 0.01840024330900243
0 0.6161040145985401 0.6700881995133819 0.029197080291970802 0.02052919708029197
0 0.6380018248175182 0.6967001216545012 0.040145985401459854 0.02265815085158151
0 0.45894160583941607 0.662484793187348 0.034215328467153285 0.01900851581508516
0 0.39917883211678834 0.70088199513382 0.03968978102189781 0.01916058394160584
0 0.5112910583941606 0.6482664233576643 0.04083029197080292 0.03375912408759124
0 0.5715100364963503 0.6492548661800487 0.030337591240875914 0.01840024330900243
0 0.6161040145985401 0.6700881995133819 0.029197080291970802 0.02052919708029197
0 0.6380018248175182 0.6967001216545012 0.040145985401459854 0.02265815085158151
0 0.45894160583941607 0.662484793187348 0.034215328467153285 0.01900851581508516
0 0.39917883211678834 0.70088199513382 0.03968978102189781 0.01916058394160584
0 0.5112910583941606 0.6482664233576643 0.04083029197080292 0.03375912408759124
0 0.5715100364963503 0.6492548661800487 0.030337591240875914 0.01840024330900243
0 0.6161040145985401 0.6700881995133819 0.029197080291970802 0.02052919708029197
0 0.6380018248175182 0.6967001216545012 0.040145985401459854 0.02265815085158151
0 0.45894160583941607 0.662484793187348 0.034215328467153285 0.01900851581508516
0 0.39917883211678834 0.70088199513382 0.03968978102189781 0.01916058394160584
0 0.5112910583941606 0.6482664233576643 0.04083029197080292 0.03375912408759124
0 0.5715100364963503 0.6492548661800487 0.030337591240875914 0.01840024330900243
0 0.6161040145985401 0.6700881995133819 0.029197080291970802 0.02052919708029197
0 0.6380018248175182 0.6967001216545012 0.040145985401459854 0.02265815085158151
0 0.45894160583941607 0.662484793187348 0.034215328467153285 0.01900851581508516
0 0.39917883211678834 0.70088199513382 0.03968978102189781 0.01916058394160584
0 0.5112910583941606 0.6482664233576643 0.04083029197080292 0.03375912408759124
0 0.5715100364963503 0.6492548661800487 0.030337591240875914 0.01840024330900243
0 0.6161040145985401 0.6700881995133819 0.029197080291970802 0.02052919708029197
0 0.6380018248175182 0.6967001216545012 0.040145985401459854 0.02265815085158151
0 0.45894160583941607 0.662484793187348 0.034215328467153285 0.01900851581508516
0 0.39917883211678834 0.70088199513382 0.03968978102189781 0.01916058394160584
0 0.5112910583941606 0.6482664233576643 0.04083029197080292 0.03375912408759124
0 0.5715100364963503 0.6492548661800487 0.030337591240875914 0.01840024330900243
0 0.6161040145985401 0.6700881995133819 0.029197080291970802 0.02052919708029197
0 0.6380018248175182 0.6967001216545012 0.040145985401459854 0.02265815085158151
0 0.45894160583941607 0.662484793187348 0.034215328467153285 0.01900851581508516
0 0.39917883211678834 0.70088199513382 0.03968978102189781 0.01916058394160584
0 0.5112910583941606 0.6482664233576643 0.04083029197080292 0.03375912408759124
0 0.5715100364963503 0.6492548661800487 0.030337591240875914 0.01840024330900243
0 0.6161040145985401 0.6700881995133819 0.029197080291970802 0.02052919708029197
0 0.6380018248175182 0.6967001216545012 0.040145985401459854 0.02265815085158151
0 0.45894160583941607 0.662484793187348 0.034215328467153285 0.01900851581508516
0 0.39917883211678834 0.70088199513382 0.03968978102189781 0.01916058394160584
0 0.5112910583941606 0.6482664233576643 0.04083029197080292 0.03375912408759124
0 0.5715100364963503 0.6492548661800487 0.030337591240875914 0.01840024330900243
0 0.6161040145985401 0.6700881995133819 0.029197080291970802 0.02052919708029197
0 0.6380018248175182 0.6967001216545012 0.040145985401459854 0.02265815085158151
0 0.45894160583941607 0.662484793187348 0.034215328467153285 0.01900851581508516
0 0.39917883211678834 0.70088199513382 0.03968978102189781 0.01916058394160584
0 0.5112910583941606 0.6482664233576643 0.04083029197080292 0.03375912408759124
0 0.5715100364963503 0.6492548661800487 0.030337591240875914 0.01840024330900243
0 0.6161040145985401 0.6700881995133819 0.029197080291970802 0.02052919708029197
0 0.6380018248175182 0.6967001216545012 0.040145985401459854 0.02265815085158151
0 0.45894160583941607 0.662484793187348 0.034215328467153285 0.01900851581508516
0 0.39917883211678834 0.70088199513382 0.03968978102189781 0.01916058394160584
0 0.5112910583941606 0.6482664233576643 0.04083029197080292 0.03375912408759124
0 0.5715100364963503 0.6492548661800487 0.030337591240875914 0.01840024330900243
0 0.6161040145985401 0.6700881995133819 0.029197080291970802 0.02052919708029197
0 0.6380018248175182 0.6967001216545012 0.040145985401459854 0.02265815085158151
0 0.45894160583941607 0.662484793187348 0.034215328467153285 0.01900851581508516
0 0.39917883211678834 0.70088199513382 0.03968978102189781 0.01916058394160584
