0 0.47046076642335766 0.6399026763990268 0.04037408759124088 0.017639902676399026
0 0.5502965328467153 0.6840024330900243 0.05086678832116788 0.025547445255474453
0 0.6062956204379562 0.6974604622871047 0.05063868613138686 0.03239051094890511
0 0.43088503649635035 0.6639294403892944 0.04105839416058394 0.014598540145985401
0 0.38469434306569344 0.7255930656934306 0.036724452554744526 0.03482360097323601
0 0.4842609489051095 0.7202706812652068 0.05018248175182482 0.029653284671532845
0 0.4592837591240876 0.6789841849148418 0.04311131386861314 0.019768856447688565
0 0.47776003649635035 0.6988290754257908 0.02896897810218978 0.017183698296836983
0 0.6234032846715328 0.7446776155717761 0.046532846715328466 0.027980535279805353
0 0.7274178832116789 0.7315237226277372 0.04927007299270073 0.034215328467153285
0 0.6694799270072993 0.7484032846715328 0.03832116788321168 0.02874087591240876
0 0.7030109489051095 0.7522049878345499 0.04607664233576642 0.03208637469586375
0 0.3113594890510949 0.8217001216545012 0.03832116788321168 0.02874087591240876
0 0.4010036496350365 0.8191149635036497 0.04242700729927007 0.02904501216545012
0 0.36450729927007297 0.8217001216545012 0.04288321167883212 0.02661192214111922
0 0.37249087591240876 0.8354622871046229 0.03923357664233577 0.030717761557177616
