0 0.5481295620437956 0.6340480535279805 0.04881386861313869 0.020833333333333332
0 0.4552919708029197 0.6611922141119222 0.05291970802919708 0.02068126520681265
0 0.3856067518248175 0.6757147201946472 0.023950729927007298 0.01840024330900243
0 0.40693430656934304 0.6871958637469586 0.02874087591240876 0.016119221411192215
0 0.43795620437956206 0.6849908759124088 0.021897810218978103 0.009276155717761558
0 0.4695483576642336 0.6935827250608273 0.019388686131386862 0.007907542579075427
0 0.379904197080292 0.7239203163017032 0.030337591240875914 0.021137469586374694
0 0.38549270072992703 0.7049118004866181 0.02281021897810219 0.01444647201946472
0 0.38697536496350365 0.6932785888077859 0.02166970802919708 0.013990267639902677
0 0.30896441605839414 0.7536496350364964 0.03307481751824817 0.019768856447688565
0 0.29630474452554745 0.7791970802919708 0.04425182481751825 0.021289537712895375
0 0.3529881386861314 0.7848996350364964 0.053604014598540146 0.019920924574209246
0 0.40248631386861317 0.791058394160584 0.019844890510948905 0.014294403892944039
0 0.5934078467153284 0.7309154501216545 0.022582116788321168 0.01809610705596107
0 0.4385264598540146 0.6997414841849149 0.01802007299270073 0.011100973236009733
0 0.4654425182481752 0.7071167883211679 0.02896897810218978 0.01824817518248175
0 0.5 0.7504562043795621 0.030109489051094892 0.015815085158150853
0 0.6108576642335767 0.7426246958637469 0.015967153284671534 0.008667883211678832
0 0.6739279197080292 0.75 0.021213503649635035 0.017639902676399026
0 0.5262317518248175 0.6623327250608273 0.041970802919708027 0.013838199513381996
0 0.546646897810219 0.6843065693430657 0.01893248175182482 0.016423357664233577
0 0.5595346715328468 0.6892487834549879 0.01824817518248175 0.019616788321167884
0 0.4980611313868613 0.6683394160583942 0.025775547445255474 0.014598540145985401
0 0.511405109489051 0.6736618004866181 0.02052919708029197 0.014294403892944039
0 0.5231523722627737 0.6788321167883211 0.0166514598540146 0.01916058394160584
0 0.36313868613138683 0.8620742092457421 0.03193430656934307 0.017335766423357664
