0 0.5183622262773723 0.6744221411192214 0.044023722627737225 0.02645985401459854
0 0.4063640510948905 0.7081052311435523 0.026231751824817517 0.015967153284671534
0 0.4298585766423358 0.711602798053528 0.036724452554744526 0.019616788321167884
0 0.5943202554744526 0.6932785888077859 0.02531934306569343 0.010644768856447688
0 0.6188412408759124 0.697536496350365 0.020985401459854013 0.010036496350364963
0 0.693316605839416 0.6922901459854015 0.04767335766423358 0.023874695863746957
0 0.6626368613138686 0.6963959854014599 0.029197080291970802 0.014750608272506082
0 0.644844890510949 0.6462895377128953 0.03604014598540146 0.01338199513381995
0 0.6127965328467153 0.6760188564476886 0.030793795620437957 0.017791970802919707
0 0.5491560218978102 0.666286496350365 0.027144160583941607 0.015663017031630172
0 0.49646441605839414 0.6900851581508516 0.02075729927007299 0.010340632603406326
0 0.4770757299270073 0.7537256690997567 0.05451642335766423 0.02661192214111922
0 0.6692518248175182 0.6789841849148418 0.029197080291970802 0.015206812652068127
0 0.5183622262773723 0.6744221411192214 0.044023722627737225 0.02645985401459854
0 0.4063640510948905 0.7081052311435523 0.026231751824817517 0.015967153284671534
0 0.4298585766423358 0.711602798053528 0.036724452554744526 0.019616788321167884
0 0.5943202554744526 0.6932785888077859 0.02531934306569343 0.010644768856447688
0 0.6188412408759124 0.697536496350365 0.020985401459854013 0.010036496350364963
0 0.693316605839416 0.6922901459854015 0.04767335766423358 0.023874695863746957
0 0.6626368613138686 0.6963959854014599 0.029197080291970802 0.014750608272506082
0 0.644844890510949 0.6462895377128953 0.03604014598540146 0.01338199513381995
0 0.6127965328467153 0.6760188564476886 0.030793795620437957 0.017791970802919707
0 0.5491560218978102 0.666286496350365 0.027144160583941607 0.015663017031630172
0 0.49646441605839414 0.6900851581508516 0.02075729927007299 0.010340632603406326
0 0.4770757299270073 0.7537256690997567 0.05451642335766423 0.02661192214111922
0 0.6692518248175182 0.6789841849148418 0.029197080291970802 0.015206812652068127
0 0.5183622262773723 0.6744221411192214 0.044023722627737225 0.02645985401459854
0 0.4063640510948905 0.7081052311435523 0.026231751824817517 0.015967153284671534
0 0.4298585766423358 0.711602798053528 0.036724452554744526 0.019616788321167884
0 0.5943202554744526 0.6932785888077859 0.02531934306569343 0.010644768856447688
0 0.6188412408759124 0.697536496350365 0.020985401459854013 0.010036496350364963
0 0.693316605839416 0.6922901459854015 0.04767335766423358 0.023874695863746957
0 0.6626368613138686 0.6963959854014599 0.029197080291970802 0.014750608272506082
0 0.644844890510949 0.6462895377128953 0.03604014598540146 0.01338199513381995
0 0.6127965328467153 0.6760188564476886 0.030793795620437957 0.017791970802919707
0 0.5491560218978102 0.666286496350365 0.027144160583941607 0.015663017031630172
0 0.49646441605839414 0.6900851581508516 0.02075729927007299 0.010340632603406326
0 0.4770757299270073 0.7537256690997567 0.05451642335766423 0.02661192214111922
0 0.6692518248175182 0.6789841849148418 0.029197080291970802 0.015206812652068127
0 0.5183622262773723 0.6744221411192214 0.044023722627737225 0.02645985401459854
0 0.4063640510948905 0.7081052311435523 0.026231751824817517 0.015967153284671534
0 0.4298585766423358 0.711602798053528 0.036724452554744526 0.019616788321167884
0 0.5943202554744526 0.6932785888077859 0.02531934306569343 0.010644768856447688
0 0.6188412408759124 0.697536496350365 0.020985401459854013 0.010036496350364963
0 0.693316605839416 0.6922901459854015 0.04767335766423358 0.023874695863746957
0 0.6626368613138686 0.6963959854014599 0.029197080291970802 0.014750608272506082
0 0.644844890510949 0.6462895377128953 0.03604014598540146 0.01338199513381995
0 0.6127965328467153 0.6760188564476886 0.030793795620437957 0.017791970802919707
0 0.5491560218978102 0.666286496350365 0.027144160583941607 0.015663017031630172
0 0.49646441605839414 0.6900851581508516 0.02075729927007299 0.010340632603406326
0 0.4770757299270073 0.7537256690997567 0.05451642335766423 0.02661192214111922
0 0.6692518248175182 0.6789841849148418 0.029197080291970802 0.015206812652068127
0 0.5183622262773723 0.6744221411192214 0.044023722627737225 0.02645985401459854
0 0.4063640510948905 0.7081052311435523 0.026231751824817517 0.015967153284671534
0 0.4298585766423358 0.711602798053528 0.036724452554744526 0.019616788321167884
0 0.5943202554744526 0.6932785888077859 0.02531934306569343 0.010644768856447688
0 0.6188412408759124 0.697536496350365 0.020985401459854013 0.010036496350364963
0 0.693316605839416 0.6922901459854015 0.04767335766423358 0.023874695863746957
0 0.6626368613138686 0.6963959854014599 0.029197080291970802 0.014750608272506082
0 0.644844890510949 0.6462895377128953 0.03604014598540146 0.01338199513381995
0 0.6127965328467153 0.6760188564476886 0.030793795620437957 0.017791970802919707
0 0.5491560218978102 0.666286496350365 0.027144160583941607 0.015663017031630172
0 0.49646441605839414 0.6900851581508516 0.02075729927007299 0.010340632603406326
0 0.4770757299270073 0.7537256690997567 0.05451642335766423 0.02661192214111922
0 0.6692518248175182 0.6789841849148418 0.029197080291970802 0.015206812652068127
0 0.5183622262773723 0.6744221411192214 0.044023722627737225 0.02645985401459854
0 0.4063640510948905 0.7081052311435523 0.026231751824817517 0.015967153284671534
0 0.4298585766423358 0.711602798053528 0.036724452554744526 0.019616788321167884
0 0.5943202554744526 0.6932785888077859 0.02531934306569343 0.010644768856447688
0 0.6188412408759124 0.697536496350365 0.020985401459854013 0.010036496350364963
0 0.693316605839416 0.6922901459854015 0.04767335766423358 0.023874695863746957
0 0.6626368613138686 0.6963959854014599 0.029197080291970802 0.014750608272506082
0 0.644844890510949 0.6462895377128953 0.03604014598540146 0.01338199513381995
0 0.6127965328467153 0.6760188564476886 0.030793795620437957 0.017791970802919707
0 0.5491560218978102 0.666286496350365 0.027144160583941607 0.015663017031630172
0 0.49646441605839414 0.6900851581508516 0.02075729927007299 0.010340632603406326
0 0.4770757299270073 0.7537256690997567 0.05451642335766423 0.02661192214111922
0 0.6692518248175182 0.6789841849148418 0.029197080291970802 0.015206812652068127
0 0.5183622262773723 0.6744221411192214 0.044023722627737225 0.02645985401459854
0 0.4063640510948905 0.7081052311435523 0.026231751824817517 0.015967153284671534
0 0.4298585766423358 0.711602798053528 0.036724452554744526 0.019616788321167884
0 0.5943202554744526 0.6932785888077859 0.02531934306569343 0.010644768856447688
0 0.6188412408759124 0.697536496350365 0.020985401459854013 0.010036496350364963
0 0.693316605839416 0.6922901459854015 0.04767335766423358 0.023874695863746957
0 0.6626368613138686 0.6963959854014599 0.029197080291970802 0.014750608272506082
0 0.644844890510949 0.6462895377128953 0.03604014598540146 0.01338199513381995
0 0.6127965328467153 0.6760188564476886 0.030793795620437957 0.017791970802919707
0 0.5491560218978102 0.666286496350365 0.027144160583941607 0.015663017031630172
0 0.49646441605839414 0.6900851581508516 0.02075729927007299 0.010340632603406326
0 0.4770757299270073 0.7537256690997567 0.05451642335766423 0.02661192214111922
0 0.6692518248175182 0.6789841849148418 0.029197080291970802 0.015206812652068127
0 0.5183622262773723 0.6744221411192214 0.044023722627737225 0.02645985401459854
0 0.4063640510948905 0.7081052311435523 0.026231751824817517 0.015967153284671534
0 0.4298585766423358 0.711602798053528 0.036724452554744526 0.019616788321167884
0 0.5943202554744526 0.6932785888077859 0.02531934306569343 0.010644768856447688
0 0.6188412408759124 0.697536496350365 0.020985401459854013 0.010036496350364963
0 0.693316605839416 0.6922901459854015 0.04767335766423358 0.023874695863746957
0 0.6626368613138686 0.6963959854014599 0.029197080291970802 0.014750608272506082
0 0.644844890510949 0.6462895377128953 0.03604014598540146 0.01338199513381995
0 0.6127965328467153 0.6760188564476886 0.030793795620437957 0.017791970802919707
0 0.5491560218978102 0.666286496350365 0.027144160583941607 0.015663017031630172
0 0.49646441605839414 0.6900851581508516 0.02075729927007299 0.010340632603406326
0 0.4770757299270073 0.7537256690997567 0.05451642335766423 0.02661192214111922
0 0.6692518248175182 0.6789841849148418 0.029197080291970802 0.015206812652068127
0 0.5183622262773723 0.6744221411192214 0.044023722627737225 0.02645985401459854
0 0.4063640510948905 0.7081052311435523 0.026231751824817517 0.015967153284671534
0 0.4298585766423358 0.711602798053528 0.036724452554744526 0.019616788321167884
0 0.5943202554744526 0.6932785888077859 0.02531934306569343 0.010644768856447688
0 0.6188412408759124 0.697536496350365 0.020985401459854013 0.010036496350364963
0 0.693316605839416 0.6922901459854015 0.04767335766423358 0.023874695863746957
0 0.6626368613138686 0.6963959854014599 0.029197080291970802 0.014750608272506082
0 0.644844890510949 0.6462895377128953 0.03604014598540146 0.01338199513381995
0 0.6127965328467153 0.6760188564476886 0.030793795620437957 0.017791970802919707
0 0.5491560218978102 0.666286496350365 0.027144160583941607 0.015663017031630172
0 0.49646441605839414 0.6900851581508516 0.02075729927007299 0.010340632603406326
0 0.4770757299270073 0.7537256690997567 0.05451642335766423 0.02661192214111922
0 0.6692518248175182 0.6789841849148418 0.029197080291970802 0.015206812652068127
0 0.5183622262773723 0.6744221411192214 0.044023722627737225 0.02645985401459854
0 0.4063640510948905 0.7081052311435523 0.026231751824817517 0.015967153284671534
0 0.4298585766423358 0.711602798053528 0.036724452554744526 0.019616788321167884
0 0.5943202554744526 0.6932785888077859 0.02531934306569343 0.010644768856447688
0 0.6188412408759124 0.697536496350365 0.020985401459854013 0.010036496350364963
0 0.693316605839416 0.6922901459854015 0.04767335766423358 0.023874695863746957
0 0.6626368613138686 0.6963959854014599 0.029197080291970802 0.014750608272506082
0 0.644844890510949 0.6462895377128953 0.03604014598540146 0.01338199513381995
0 0.6127965328467153 0.6760188564476886 0.030793795620437957 0.017791970802919707
0 0.5491560218978102 0.666286496350365 0.027144160583941607 0.015663017031630172
0 0.49646441605839414 0.6900851581508516 0.02075729927007299 0.010340632603406326
0 0.4770757299270073 0.7537256690997567 0.05451642335766423 0.02661192214111922
0 0.6692518248175182 0.6789841849148418 0.029197080291970802 0.015206812652068127
0 0.5183622262773723 0.6744221411192214 0.044023722627737225 0.02645985401459854
0 0.4063640510948905 0.7081052311435523 0.026231751824817517 0.015967153284671534
0 0.4298585766423358 0.711602798053528 0.036724452554744526 0.019616788321167884
0 0.5943202554744526 0.6932785888077859 0.02531934306569343 0.010644768856447688
0 0.6188412408759124 0.697536496350365 0.020985401459854013 0.010036496350364963
0 0.693316605839416 0.6922901459854015 0.04767335766423358 0.023874695863746957
0 0.6626368613138686 0.6963959854014599 0.029197080291970802 0.014750608272506082
0 0.644844890510949 0.6462895377128953 0.03604014598540146 0.01338199513381995
0 0.6127965328467153 0.6760188564476886 0.030793795620437957 0.017791970802919707
0 0.5491560218978102 0.666286496350365 0.027144160583941607 0.015663017031630172
0 0.49646441605839414 0.6900851581508516 0.02075729927007299 0.010340632603406326
0 0.4770757299270073 0.7537256690997567 0.05451642335766423 0.02661192214111922
0 0.6692518248175182 0.6789841849148418 0.029197080291970802 0.015206812652068127
