0 0.46897810218978103 0.638610097323601 0.04242700729927007 0.01444647201946472
0 0.4303147810218978 0.664081508515815 0.03718065693430657 0.013077858880778588
0 0.46053832116788324 0.6786800486618005 0.037408759124087594 0.02037712895377129
0 0.5492700729927007 0.6827098540145985 0.04744525547445255 0.022354014598540146
0 0.6082344890510949 0.6974604622871047 0.054972627737226276 0.01809610705596107
0 0.6245437956204379 0.7462743309002433 0.048357664233576646 0.023570559610705595
0 0.6709625912408759 0.7490115571776156 0.04767335766423358 0.02661192214111922
0 0.7259352189781022 0.7325121654501217 0.045848540145985404 0.02889294403892944
0 0.7049498175182481 0.7532694647201946 0.04174270072992701 0.034215328467153285
0 0.385264598540146 0.7214872262773723 0.037408759124087594 0.034215328467153285
0 0.4854014598540146 0.7200425790754258 0.049726277372262775 0.030413625304136254
0 0.4750228102189781 0.698220802919708 0.036724452554744526 0.01809610705596107
0 0.31192974452554745 0.8204075425790754 0.039917883211678835 0.03102189781021898
0 0.40191605839416056 0.8191149635036497 0.043795620437956206 0.027220194647201948
0 0.3615419708029197 0.8224604622871047 0.04562043795620438 0.023874695863746957
0 0.3753421532846715 0.836602798053528 0.039917883211678835 0.027220194647201948
