0 0.45472171532846717 0.6601277372262774 0.044023722627737225 0.018552311435523116
0 0.5484717153284672 0.635036496350365 0.05542883211678832 0.0170316301703163
0 0.5241788321167883 0.663397201946472 0.04607664233576642 0.013534063260340633
0 0.38515054744525545 0.6744221411192214 0.02531934306569343 0.023114355231143552
0 0.37979014598540145 0.7249087591240876 0.027828467153284672 0.016119221411192215
0 0.38549270072992703 0.7036952554744526 0.027828467153284672 0.01444647201946472
0 0.3883439781021898 0.6932785888077859 0.023494525547445255 0.012469586374695864
0 0.31204379562043794 0.7541058394160584 0.03375912408759124 0.019464720194647202
0 0.29630474452554745 0.7798813868613139 0.04151459854014598 0.01900851581508516
0 0.3517335766423358 0.7852037712895377 0.05793795620437956 0.022049878345498784
0 0.4365875912408759 0.684610705596107 0.023266423357664233 0.0076034063260340635
0 0.4714872262773723 0.6941909975669099 0.019616788321167884 0.007907542579075427
0 0.4378421532846715 0.6995133819951338 0.019844890510948905 0.0076034063260340635
0 0.46715328467153283 0.7064324817518248 0.029653284671532845 0.023570559610705595
0 0.6741560218978102 0.7505322384428224 0.02896897810218978 0.01900851581508516
0 0.593065693430657 0.7304592457420924 0.025547445255474453 0.019616788321167884
0 0.6101733576642335 0.7432329683698297 0.020072992700729927 0.009276155717761558
0 0.4989735401459854 0.6690997566909975 0.023950729927007298 0.010340632603406326
0 0.5533759124087592 0.690389294403893 0.034215328467153285 0.017639902676399026
0 0.40362682481751827 0.791970802919708 0.018476277372262775 0.0170316301703163
0 0.364735401459854 0.8605535279805353 0.027828467153284672 0.020072992700729927
0 0.45472171532846717 0.6601277372262774 0.044023722627737225 0.018552311435523116
0 0.5484717153284672 0.635036496350365 0.05542883211678832 0.0170316301703163
0 0.5241788321167883 0.663397201946472 0.04607664233576642 0.013534063260340633
0 0.38515054744525545 0.6744221411192214 0.02531934306569343 0.023114355231143552
0 0.37979014598540145 0.7249087591240876 0.027828467153284672 0.016119221411192215
0 0.38549270072992703 0.7036952554744526 0.027828467153284672 0.01444647201946472
0 0.3883439781021898 0.6932785888077859 0.023494525547445255 0.012469586374695864
0 0.31204379562043794 0.7541058394160584 0.03375912408759124 0.019464720194647202
0 0.29630474452554745 0.7798813868613139 0.04151459854014598 0.01900851581508516
0 0.3517335766423358 0.7852037712895377 0.05793795620437956 0.022049878345498784
0 0.4365875912408759 0.684610705596107 0.023266423357664233 0.0076034063260340635
0 0.4714872262773723 0.6941909975669099 0.019616788321167884 0.007907542579075427
0 0.4378421532846715 0.6995133819951338 0.019844890510948905 0.0076034063260340635
0 0.46715328467153283 0.7064324817518248 0.029653284671532845 0.023570559610705595
0 0.6741560218978102 0.7505322384428224 0.02896897810218978 0.01900851581508516
0 0.593065693430657 0.7304592457420924 0.025547445255474453 0.019616788321167884
0 0.6101733576642335 0.7432329683698297 0.020072992700729927 0.009276155717761558
0 0.4989735401459854 0.6690997566909975 0.023950729927007298 0.010340632603406326
0 0.5533759124087592 0.690389294403893 0.034215328467153285 0.017639902676399026
0 0.40362682481751827 0.791970802919708 0.018476277372262775 0.0170316301703163
0 0.364735401459854 0.8605535279805353 0.027828467153284672 0.020072992700729927
0 0.45472171532846717 0.6601277372262774 0.044023722627737225 0.018552311435523116
0 0.5484717153284672 0.635036496350365 0.05542883211678832 0.0170316301703163
0 0.5241788321167883 0.663397201946472 0.04607664233576642 0.013534063260340633
0 0.38515054744525545 0.6744221411192214 0.02531934306569343 0.023114355231143552
0 0.37979014598540145 0.7249087591240876 0.027828467153284672 0.016119221411192215
0 0.38549270072992703 0.7036952554744526 0.027828467153284672 0.01444647201946472
0 0.3883439781021898 0.6932785888077859 0.023494525547445255 0.012469586374695864
0 0.31204379562043794 0.7541058394160584 0.03375912408759124 0.019464720194647202
0 0.29630474452554745 0.7798813868613139 0.04151459854014598 0.01900851581508516
0 0.3517335766423358 0.7852037712895377 0.05793795620437956 0.022049878345498784
0 0.4365875912408759 0.684610705596107 0.023266423357664233 0.0076034063260340635
0 0.4714872262773723 0.6941909975669099 0.019616788321167884 0.007907542579075427
0 0.4378421532846715 0.6995133819951338 0.019844890510948905 0.0076034063260340635
0 0.46715328467153283 0.7064324817518248 0.029653284671532845 0.023570559610705595
0 0.6741560218978102 0.7505322384428224 0.02896897810218978 0.01900851581508516
0 0.593065693430657 0.7304592457420924 0.025547445255474453 0.019616788321167884
0 0.6101733576642335 0.7432329683698297 0.020072992700729927 0.009276155717761558
0 0.4989735401459854 0.6690997566909975 0.023950729927007298 0.010340632603406326
0 0.5533759124087592 0.690389294403893 0.034215328467153285 0.017639902676399026
0 0.40362682481751827 0.791970802919708 0.018476277372262775 0.0170316301703163
0 0.364735401459854 0.8605535279805353 0.027828467153284672 0.020072992700729927
